0.9988949605343044	0.0006071645415907711
0.9978992106860954	0.0012143290831815423
0.9970856102003638	0.0018214936247723133
0.9960170006071646	0.0024286581663630845
0.9946812386156654	0.0030358227079538553
0.9937462052216154	0.0036429872495446266
0.9925925925925929	0.004250151791135397
0.9918032786885245	0.004857316332726169
0.9902732240437162	0.00546448087431694
0.9889131754705525	0.006071645415907711
0.9881724347298116	0.006678809957498482
0.9870916818457802	0.007285974499089253
0.9861202185792347	0.007893139040680024
0.9851608986035216	0.008500303582270795
0.9840315725561628	0.009107468123861567
0.9825136612021858	0.009714632665452338
0.981578627808136	0.010321797207043109
0.9805707346690953	0.01092896174863388
0.9795628415300546	0.01153612629022465
0.9785549483910139	0.012143290831815421
0.9776077717061323	0.012750455373406194
0.9760655737704917	0.013357619914996965
0.9748633879781423	0.013964784456587736
0.9736126290224653	0.014571948998178506
0.972276867030965	0.015179113539769277
0.9713054037644203	0.015786278081360048
0.9700910746812385	0.01639344262295082
0.9688888888888887	0.01700060716454159
0.967771706132362	0.017607771706132362
0.966727383120826	0.018214936247723135
0.9656952034001216	0.018822100789313904
0.9646144505160901	0.019429265330904676
0.9634122647237401	0.020036429872495445
0.962404371584699	0.020643594414086218
0.9610443230115364	0.021250758955676987
0.959914996964177	0.02185792349726776
0.9587249544626595	0.022465088038858532
0.9571584699453553	0.0230722525804493
0.9563812993321192	0.023679417122040074
0.9552641165755922	0.024286581663630843
0.9543655130540377	0.024893746205221615
0.9530418943533695	0.025500910746812388
0.9520461445051606	0.026108075288403157
0.9508561020036427	0.02671523982999393
0.9498482088646024	0.0273224043715847
0.9489981785063756	0.02792956891317547
0.9479174256223439	0.02853673345476624
0.947030965391621	0.029143897996357013
0.9460959319975715	0.029751062537947785
0.9450880388585307	0.030358227079538554
0.9440194292653306	0.030965391621129327
0.9426472374013356	0.031572556162720096
0.941092896174863	0.03217972070431087
0.9394049787492409	0.03278688524590164
0.9384456587735276	0.033394049787492414
0.9375834851244689	0.03400121432908318
0.9366605950212507	0.03460837887067395
0.9356891317547054	0.035215543412264724
0.9344505160898603	0.0358227079538555
0.9334669095324836	0.03642987249544627
0.9326775956284152	0.037037037037037035
0.931718275652702	0.03764420157862781
0.9306010928961749	0.03825136612021858
0.9295324833029751	0.03885853066180935
0.9283424408014569	0.03946569520340012
0.9272738312082573	0.04007285974499089
0.92642380085003	0.04068002428658166
0.9250394656952033	0.041287188828172436
0.923861566484517	0.04189435336976321
0.9227079538554951	0.042501517911353974
0.921311475409836	0.04310868245294475
0.9200121432908314	0.04371584699453552
0.9190528233151183	0.04432301153612629
0.9181906496660598	0.044930176077717064
0.9171584699453554	0.04553734061930783
0.9164055859137825	0.0461445051608986
0.9154948391013963	0.046751669702489375
0.9143533697632057	0.04735883424408015
0.9133211900425016	0.04796599878567092
0.9122525804493017	0.048573163327261686
0.9114025500910747	0.04918032786885246
0.910054644808743	0.04978749241044323
0.9090224650880387	0.050394656952034
0.907941712204007	0.051001821493624776
0.9069338190649665	0.05160898603521554
0.9057802064359444	0.052216150576806314
0.9048937462052217	0.052823315118397086
0.9036308439587128	0.05343047965998786
0.9026350941105038	0.054037644201578625
0.9015786278081359	0.0546448087431694
0.9005950212507589	0.05525197328476017
0.8994535519125683	0.05585913782635094
0.8984335154826956	0.056466302367941715
0.897486338797814	0.05707346690953248
0.8966120218579234	0.05768063145112325
0.8954341226472374	0.058287795992714025
0.8940619307832424	0.0588949605343048
0.8930783242258653	0.05950212507589557
0.8920704310868247	0.060109289617486336
0.891111111111111	0.06071645415907711
0.8898360655737705	0.06132361870066788
0.8888646023072252	0.061930783242258654
0.8879538554948391	0.06253794778384943
0.8869338190649669	0.06314511232544019
0.8859866423800851	0.06375227686703097
0.884857316332726	0.06435944140862174
0.8839465695203398	0.0649666059502125
0.8829993928354584	0.06557377049180328
0.8817486338797812	0.06618093503339405
0.8806435944140865	0.06678809957498483
0.8798542805100182	0.06739526411657559
0.8785792349726778	0.06800242865816636
0.8775713418336369	0.06860959319975714
0.8764784456587733	0.0692167577413479
0.8752034001214326	0.06982392228293868
0.8740012143290835	0.07043108682452945
0.8731754705525201	0.07103825136612021
0.8719368548876746	0.071645415907711
0.870941105039466	0.07225258044930176
0.8695810564663027	0.07285974499089254
0.8687188828172435	0.0734669095324833
0.8677474195506981	0.07407407407407407
0.8669459623557982	0.07468123861566485
0.8658530661809352	0.07528840315725562
0.8649787492410442	0.07589556769884638
0.8636187006678808	0.07650273224043716
0.8626350941105039	0.07710989678202793
0.861566484517304	0.0777170613236187
0.8601457194899819	0.07832422586520947
0.8587735276259868	0.07893139040680024
0.8576320582877961	0.07953855494839102
0.856563448694596	0.08014571948998178
0.8555312689738921	0.08075288403157256
0.8546326654523376	0.08136004857316333
0.853551912568306	0.08196721311475409
0.8525804493017611	0.08257437765634487
0.8515725561627204	0.08318154219793564
0.8503096539162114	0.08378870673952642
0.8493746205221613	0.08439587128111718
0.8484153005464481	0.08500303582270795
0.8476381299332116	0.08561020036429873
0.8467152398299937	0.0862173649058895
0.8457194899817851	0.08682452944748027
0.8448937462052218	0.08743169398907104
0.8439222829386765	0.0880388585306618
0.8423557984213724	0.08864602307225258
0.841117182756527	0.08925318761384335
0.8398907103825134	0.08986035215543413
0.8387492410443227	0.0904675166970249
0.8375834851244683	0.09107468123861566
0.8367820279295688	0.09168184578020644
0.8358591378263514	0.0922890103217972
0.8348391013964787	0.09289617486338798
0.8334911961141471	0.09350333940497875
0.8325318761384335	0.09411050394656952
0.8315361262902248	0.0947176684881603
0.8306253794778384	0.09532483302975106
0.8296053430479658	0.09593199757134184
0.8283788706739529	0.0965391621129326
0.8274074074074074	0.09714632665452337
0.826095931997571	0.09775349119611415
0.8246751669702488	0.09836065573770492
0.8237644201578628	0.0989678202792957
0.8228415300546449	0.09957498482088646
0.8219550698239223	0.10018214936247723
0.821044323011536	0.100789313904068
0.8198299939283544	0.10139647844565877
0.8186642380085002	0.10200364298724955
0.8176077717061326	0.10261080752884032
0.8165391621129328	0.10321797207043108
0.8153612629022464	0.10382513661202186
0.8145355191256831	0.10443230115361263
0.8133090467516696	0.1050394656952034
0.8124347298117791	0.10564663023679417
0.8111111111111113	0.10625379477838494
0.8102003642987249	0.10686095931997572
0.8092410443230115	0.10746812386156648
0.8084760170006071	0.10807528840315725
0.8075531268973889	0.10868245294474803
0.8066423800850032	0.1092896174863388
0.8055859137826351	0.10989678202792957
0.8047115968427448	0.11050394656952034
0.803885853066181	0.1111111111111111
0.8029993928354585	0.11171827565270188
0.8019307832422586	0.11232544019429265
0.801044323011536	0.11293260473588343
0.800085003035823	0.1135397692774742
0.7992106860959322	0.11414693381906496
0.7983242258652093	0.11475409836065574
0.7970977534911959	0.1153612629022465
0.7961627200971465	0.11596842744383729
0.7952155434122646	0.11657559198542805
0.794280510018215	0.11718275652701882
0.7931390406800243	0.1177899210686096
0.7923375834851245	0.11839708561020036
0.7914389799635703	0.11900425015179114
0.7905525197328473	0.1196114146933819
0.789751062537948	0.12021857923497267
0.7886095931997571	0.12082574377656345
0.7878931390406801	0.12143290831815422
0.786836672738312	0.122040072859745
0.7858894960534306	0.12264723740133576
0.7849301760777171	0.12325440194292653
0.7839587128111718	0.12386156648451731
0.7831208257437765	0.12446873102610807
0.7822222222222223	0.12507589556769885
0.7810686095931998	0.12568306010928962
0.7802307225258045	0.12629022465088038
0.7793078324225867	0.12689738919247115
0.778287795992714	0.12750455373406194
0.7773284760170007	0.1281117182756527
0.7763205828779598	0.12871888281724347
0.775397692774742	0.12932604735883424
0.7741347905282331	0.129933211900425
0.7733697632058291	0.1305403764420158
0.7717668488160292	0.13114754098360656
0.7705646630236795	0.13175470552519733
0.7694353369763204	0.1323618700667881
0.7682695810564663	0.13296903460837886
0.7676138433515486	0.13357619914996965
0.7664966605950215	0.13418336369156042
0.7654159077109898	0.13479052823315119
0.7646387370977535	0.13539769277474195
0.7637279902853673	0.13600485731633272
0.7626350941105041	0.1366120218579235
0.7617607771706132	0.13721918639951428
0.7608743169398905	0.13782635094110504
0.7599878567091678	0.1384335154826958
0.7592228293867634	0.13904068002428657
0.7580570734669098	0.13964784456587737
0.7568184578020641	0.14025500910746813
0.7559198542805099	0.1408621736490589
0.7547055251973284	0.14146933819064966
0.7538797814207651	0.14207650273224043
0.7530904675166972	0.14268366727383122
0.7520825743776564	0.143290831815422
0.7512568306010929	0.14389799635701275
0.7503703703703704	0.14450516089860352
0.7495931997571341	0.14511232544019428
0.7484760170006072	0.14571948998178508
0.7474681238615662	0.14632665452337584
0.7465452337583485	0.1469338190649666
0.7457073466909532	0.14754098360655737
0.7451001821493626	0.14814814814814814
0.7442015786278078	0.1487553126897389
0.7432179720704312	0.1493624772313297
0.7419672131147543	0.14996964177292046
0.7411536126290227	0.15057680631451123
0.7402792956891318	0.151183970856102
0.7388949605343048	0.15179113539769276
0.7376442015786278	0.15239829993928355
0.7367091681845782	0.15300546448087432
0.7356284153005465	0.15361262902246509
0.7348755312689739	0.15421979356405585
0.7339526411657558	0.15482695810564662
0.7330661809350331	0.1554341226472374
0.7322040072859746	0.15604128718882818
0.7315846994535521	0.15664845173041894
0.7305403764420159	0.1572556162720097
0.7297267759562842	0.15786278081360047
0.7289131754705526	0.15846994535519127
0.7276017000607163	0.15907710989678203
0.7267880995749846	0.1596842744383728
0.7255737704918032	0.16029143897996356
0.7248208864602306	0.16089860352155433
0.723740133576199	0.16150576806314512
0.7229022465088039	0.1621129326047359
0.7220522161505769	0.16272009714632665
0.7209957498482089	0.16332726168791742
0.7200364298724955	0.16393442622950818
0.718676381299332	0.16454159077109898
0.7177777777777776	0.16514875531268974
0.7168427443837279	0.1657559198542805
0.7160534304796602	0.16636308439587127
0.7151062537947784	0.16697024893746204
0.7143290831815423	0.16757741347905283
0.7135519125683061	0.1681845780206436
0.7124104432301154	0.16879174256223436
0.7116332726168793	0.16939890710382513
0.7107589556769885	0.1700060716454159
0.7098360655737705	0.1706132361870067
0.7086824529447481	0.17122040072859745
0.7074924104432304	0.17182756527018822
0.7065330904675168	0.172434729811779
0.7056830601092898	0.17304189435336975
0.7047844565877354	0.17364905889496055
0.7039222829386762	0.1742562234365513
0.7031815421979357	0.17486338797814208
0.7025500910746814	0.17547055251973284
0.701177899210686	0.1760777170613236
0.6998542805100182	0.1766848816029144
0.6987249544626596	0.17729204614450517
0.6979356405585914	0.17789921068609593
0.6971584699453554	0.1785063752276867
0.6961870066788102	0.17911353976927746
0.695264116575592	0.17972070431086826
0.6945355191256829	0.18032786885245902
0.6938919247115969	0.1809350333940498
0.6931633272616881	0.18154219793564055
0.6919611414693384	0.18214936247723132
0.6912325440194296	0.1827565270188221
0.6904310868245296	0.18336369156041288
0.6895689131754704	0.18397085610200364
0.6886945962355798	0.1845780206435944
0.6877717061323619	0.18518518518518517
0.6867395264116576	0.18579234972677597
0.6856952034001215	0.18639951426836673
0.6847601700060715	0.1870066788099575
0.6837037037037037	0.18761384335154827
0.6826593806921677	0.18822100789313903
0.6815421979356406	0.18882817243472982
0.6808864602307225	0.1894353369763206
0.6800607164541591	0.19004250151791136
0.6791013964784456	0.19064966605950212
0.6775956284153007	0.1912568306010929
0.6763327261687917	0.19186399514268368
0.6754826958105646	0.19247115968427445
0.6745840922890102	0.1930783242258652
0.6737462052216149	0.19368548876745598
0.6723497267759561	0.19429265330904674
0.6713175470552518	0.19489981785063754
0.6705525197328476	0.1955069823922283
0.6697024893746206	0.19611414693381907
0.66896174863388	0.19672131147540983
0.6678809957498483	0.1973284760170006
0.6670066788099572	0.1979356405585914
0.6663387978142076	0.19854280510018216
0.6650516089860352	0.19914996964177292
0.6641165755919854	0.1997571341833637
0.6631936854887677	0.20036429872495445
0.6622100789313905	0.20097146326654525
0.6613357619914999	0.201578627808136
0.6600850030358226	0.20218579234972678
0.6593928354584092	0.20279295689131754
0.6586278081360049	0.2034001214329083
0.6575713418336366	0.2040072859744991
0.6565877352762599	0.20461445051608987
0.6557377049180327	0.20522161505768063
0.6547783849423194	0.2058287795992714
0.6537947783849425	0.20643594414086217
0.6530783242258651	0.20704310868245293
0.6521918639951427	0.20765027322404372
0.651390406800243	0.2082574377656345
0.6503582270795385	0.20886460230722526
0.6494231936854886	0.20947176684881602
0.6486217364905889	0.2100789313904068
0.6479417122040073	0.21068609593199758
0.646836672738312	0.21129326047358835
0.645853066180935	0.2119004250151791
0.6447965998785671	0.21250758955676988
0.6439708561020038	0.21311475409836064
0.6432422586520947	0.21372191863995144
0.6423072252580451	0.2143290831815422
0.6414207650273225	0.21493624772313297
0.6404735883424406	0.21554341226472373
0.6395992714025502	0.2161505768063145
0.6386763812993321	0.2167577413479053
0.637887067395264	0.21736490588949606
0.6369641772920464	0.21797207043108682
0.6360777170613237	0.2185792349726776
0.6352398299939286	0.21918639951426835
0.6342926533090466	0.21979356405585915
0.6334669095324832	0.2204007285974499
0.6326290224650879	0.22100789313904068
0.6317182756527021	0.22161505768063144
0.6309532483302978	0.2222222222222222
0.6301639344262295	0.222829386763813
0.6287431693989072	0.22343655130540377
0.6274802671523981	0.22404371584699453
0.626120218579235	0.2246508803885853
0.6248694596235581	0.22525804493017607
0.6240437158469946	0.22586520947176686
0.6233029751062538	0.22647237401335762
0.6222586520947176	0.2270795385549484
0.6212021857923496	0.22768670309653916
0.6201821493624773	0.22829386763812992
0.619344262295082	0.22890103217972071
0.6187128111718277	0.22950819672131148
0.617571341833637	0.23011536126290225
0.6166484517304189	0.230722525804493
0.61525197328476	0.23132969034608378
0.6144140862173648	0.23193685488767457
0.6135033394049789	0.23254401942926534
0.6124954462659383	0.2331511839708561
0.6116454159077112	0.23375834851244687
0.6108318154219795	0.23436551305403763
0.6096417729204614	0.23497267759562843
0.6076502732240435	0.2355798421372192
0.6064966605950215	0.23618700667880996
0.6053916211293262	0.23679417122040072
0.604140862173649	0.2374013357619915
0.6031936854887675	0.23800850030358228
0.6024165148755313	0.23861566484517305
0.6017243472981177	0.2392228293867638
0.6008257437765636	0.23982999392835458
0.5992471159684274	0.24043715846994534
0.5981177899210686	0.24104432301153614
0.5968913175470552	0.2416514875531269
0.5961262902246507	0.24225865209471767
0.5950698239222829	0.24286581663630843
0.5939890710382515	0.2434729811778992
0.5932240437158469	0.24408014571949
0.5923618700667881	0.24468731026108076
0.5914146933819067	0.24529447480267152
0.5906739526411655	0.2459016393442623
0.589738919247116	0.24650880388585306
0.5888767455980569	0.24711596842744385
0.58789313904068	0.24772313296903462
0.5868002428658164	0.24833029751062538
0.5858287795992713	0.24893746205221615
0.5851244687310261	0.2495446265938069
0.5842865816636307	0.2501517911353977
0.5835822707953856	0.25075895567698847
0.5826958105646629	0.25136612021857924
0.5819672131147544	0.25197328476017
0.580995749848209	0.25258044930176077
0.5797571341833634	0.25318761384335153
0.5788706739526411	0.2537947783849423
0.5776199149969642	0.25440194292653306
0.5765270188221006	0.2550091074681239
0.5756769884638737	0.25561627200971465
0.5749241044323012	0.2562234365513054
0.574013357619915	0.2568306010928962
0.5730783242258652	0.25743776563448695
0.5722647237401337	0.2580449301760777
0.5711353976927747	0.2586520947176685
0.570261080752884	0.25925925925925924
0.5694839101396478	0.25986642380085
0.568682452944748	0.2604735883424408
0.5679295689131756	0.2610807528840316
0.5671281117182757	0.26168791742562236
0.5661445051608986	0.26229508196721313
0.5652944748026714	0.2629022465088039
0.5646994535519125	0.26350941105039466
0.5638494231936855	0.2641165755919854
0.5632058287795992	0.2647237401335762
0.5623557984213721	0.26533090467516696
0.5614814814814814	0.2659380692167577
0.560655737704918	0.2665452337583485
0.5594535519125684	0.2671523982999393
0.5585306618093504	0.2677595628415301
0.5570977534911961	0.26836672738312084
0.5562598664238007	0.2689738919247116
0.555349119611415	0.26958105646630237
0.5545476624165149	0.27018822100789314
0.5539526411657559	0.2707953855494839
0.5532604735883425	0.27140255009107467
0.5522040072859744	0.27200971463266543
0.5516211293260472	0.2726168791742562
0.5509411050394659	0.273224043715847
0.5500789313904069	0.2738312082574378
0.5492289010321798	0.27443837279902855
0.5485974499089253	0.2750455373406193
0.5479174256223438	0.2756527018822101
0.5469945355191258	0.27625986642380085
0.5461930783242259	0.2768670309653916
0.5452701882210077	0.2774741955069824
0.5442380085003035	0.27808136004857315
0.5433758348512447	0.2786885245901639
0.5427443837279903	0.27929568913175473
0.5418093503339406	0.2799028536733455
0.5410686095931998	0.28051001821493626
0.5403035822707953	0.28111718275652703
0.5392956891317546	0.2817243472981178
0.5385913782635096	0.28233151183970856
0.5378142076502732	0.2829386763812993
0.5369398907103826	0.2835458409228901
0.53591985428051	0.28415300546448086
0.5350455373406193	0.2847601700060716
0.5341226472374014	0.28536733454766244
0.5332361870066787	0.2859744990892532
0.5322647237401337	0.286581663630844
0.5317304189435336	0.28718882817243474
0.5308318154219793	0.2877959927140255
0.5299574984820886	0.28840315725561627
0.529350333940498	0.28901032179720704
0.5281238615664846	0.2896174863387978
0.5273952641165756	0.29022465088038857
0.5262173649058896	0.29083181542197933
0.5255616272009713	0.29143897996357016
0.5246265938069217	0.2920461445051609
0.5238858530661809	0.2926533090467517
0.5230479659987854	0.29326047358834245
0.5222707953855497	0.2938676381299332
0.521651487553127	0.294474802671524
0.5208621736490591	0.29508196721311475
0.520060716454159	0.2956891317547055
0.5191621129326047	0.2962962962962963
0.5182756527018819	0.29690346083788705
0.5172556162720096	0.2975106253794778
0.5165634486945963	0.29811778992106863
0.5158834244080146	0.2987249544626594
0.5150698239222828	0.29933211900425016
0.5140862173649059	0.29993928354584093
0.5128718882817244	0.3005464480874317
0.5120582877959925	0.30115361262902246
0.5111961141469338	0.3017607771706132
0.5101760777170614	0.302367941712204
0.508949605343048	0.30297510625379476
0.5080631451123255	0.3035822707953855
0.5072859744990893	0.30418943533697634
0.5065088038858531	0.3047965998785671
0.5056344869459624	0.3054037644201579
0.5048208864602308	0.30601092896174864
0.5040558591378264	0.3066180935033394
0.5030479659987858	0.30722525804493017
0.5022343655130541	0.30783242258652094
0.5014450516089861	0.3084395871281117
0.5006800242865818	0.30904675166970247
0.4999271402550091	0.30965391621129323
0.49910139647844565	0.31026108075288406
0.4983363691560411	0.3108682452944748
0.4974134790528234	0.3114754098360656
0.49650273224043706	0.31208257437765635
0.4958105646630236	0.3126897389192471
0.49458409228901024	0.3132969034608379
0.4939040680024286	0.31390406800242865
0.49311475409836075	0.3145112325440194
0.49237401335761993	0.3151183970856102
0.4916454159077109	0.31572556162720095
0.49075895567698835	0.31633272616879177
0.49015179113539786	0.31693989071038253
0.48954462659380693	0.3175470552519733
0.488682452944748	0.31815421979356406
0.4878809957498481	0.31876138433515483
0.4872495446265937	0.3193685488767456
0.48669095324833017	0.31997571341833636
0.4855980570734669	0.3205828779599271
0.4844930176077717	0.3211900425015179
0.4835944140862175	0.32179720704310866
0.48316939890710386	0.3224043715846995
0.48242865816636316	0.32301153612629024
0.4816393442622954	0.323618700667881
0.48072859744990887	0.3242258652094718
0.4794535519125682	0.32483302975106254
0.4787128111718276	0.3254401942926533
0.47821493624772304	0.32604735883424407
0.4769641772920461	0.32665452337583484
0.47638129933211887	0.3272616879174256
0.4757255616272009	0.32786885245901637
0.47458409228901033	0.3284760170006072
0.47383120825743774	0.32908318154219796
0.47273831208257433	0.3296903460837887
0.4720947176684882	0.3302975106253795
0.47124468731026115	0.33090467516697025
0.4701639344262295	0.331511839708561
0.469216757741348	0.3321190042501518
0.46848816029143897	0.33272616879174255
0.4678202792956892	0.3333333333333333
0.4666666666666668	0.3339404978749241
0.46581663630843984	0.3345476624165149
0.4646751669702491	0.33515482695810567
0.46366727383120826	0.33576199149969643
0.46244080145719485	0.3363691560412872
0.4616879174256223	0.33697632058287796
0.4608378870673952	0.33758348512446873
0.4599757134183363	0.3381906496660595
0.4593806921675775	0.33879781420765026
0.45860352155434136	0.339404978749241
0.4578142076502732	0.3400121432908318
0.4570977534911962	0.3406193078324226
0.45632058287795985	0.3412264723740134
0.4553612629022465	0.34183363691560414
0.4547055251973285	0.3424408014571949
0.45392835458409225	0.3430479659987857
0.45267759562841525	0.34365513054037644
0.4518154219793565	0.3442622950819672
0.45117182756527036	0.344869459623558
0.45035822707953854	0.34547662416514874
0.4493746205221613	0.3460837887067395
0.44864602307225243	0.3466909532483303
0.44811171827565277	0.3472981177899211
0.447249544626594	0.34790528233151186
0.44672738312082566	0.3485124468731026
0.4460837887067395	0.3491196114146934
0.4454037644201579	0.34972677595628415
0.4442137219186398	0.3503339404978749
0.44343655130540377	0.3509411050394657
0.44269581056466295	0.35154826958105645
0.4420036429872495	0.3521554341226472
0.4412507589556769	0.35276259866423804
0.44030358227079525	0.3533697632058288
0.4394049787492409	0.35397692774741957
0.43872495446265936	0.35458409228901033
0.43792349726775953	0.3551912568306011
0.4372191863995142	0.35579842137219186
0.43652701882210077	0.35640558591378263
0.4358227079538555	0.3570127504553734
0.4348633879781421	0.35761991499696416
0.43429265330904676	0.3582270795385549
0.4334183363691559	0.3588342440801457
0.43294474802671523	0.3594414086217365
0.43226472374013364	0.3600485731633273
0.43176684881602917	0.36065573770491804
0.430928961748634	0.3612629022465088
0.4300303582270795	0.3618700667880996
0.42925318761384335	0.36247723132969034
0.42846387370977546	0.3630843958712811
0.4277109896782028	0.3636915604128719
0.42689738919247133	0.36429872495446264
0.4259380692167579	0.3649058894960534
0.42540376442015804	0.3655130540376442
0.4246751669702488	0.366120218579235
0.4240194292653308	0.36672738312082576
0.4234001214329081	0.3673345476624165
0.42258652094717675	0.3679417122040073
0.4214814814814815	0.36854887674559805
0.4204128718882817	0.3691560412871888
0.4195142683667275	0.3697632058287796
0.4189313904068003	0.37037037037037035
0.4181056466302369	0.3709775349119611
0.4174620522161506	0.37158469945355194
0.4168184578020643	0.3721918639951427
0.4161627200971461	0.37279902853673347
0.4154826958105647	0.37340619307832423
0.4147540983606557	0.374013357619915
0.41400121432908304	0.37462052216150576
0.41312689738919245	0.37522768670309653
0.4120461445051609	0.3758348512446873
0.4116089860352157	0.37644201578627806
0.4109168184578021	0.3770491803278688
0.4101032179720704	0.37765634486945965
0.4092896174863387	0.3782635094110504
0.40848816029143875	0.3788706739526412
0.4074559805707347	0.37947783849423194
0.4067516697024894	0.3800850030358227
0.405731633272617	0.3806921675774135
0.40499089253187603	0.38129933211900424
0.40414086217364925	0.381906496660595
0.4035094110503946	0.3825136612021858
0.40302367941712214	0.38312082574377654
0.4020279295689131	0.38372799028536736
0.40128718882817244	0.3843351548269581
0.400655737704918	0.3849423193685489
0.40004857316332726	0.38554948391013966
0.3993564055859138	0.3861566484517304
0.3987249544626593	0.3867638129933212
0.3980327868852459	0.38737097753491195
0.3973406193078323	0.3879781420765027
0.3965513054037644	0.3885853066180935
0.3958834244080145	0.38919247115968425
0.3947055251973283	0.38979963570127507
0.39401335761991496	0.39040680024286584
0.39299332119004243	0.3910139647844566
0.39243472981177896	0.39162112932604737
0.39173041894353366	0.39222829386763813
0.3907710989678202	0.3928354584092289
0.3899574984820886	0.39344262295081966
0.38913175470552525	0.39404978749241043
0.3879417122040074	0.3946569520340012
0.3869945355191256	0.39526411657559196
0.38627808136004843	0.3958712811171828
0.38551305403764424	0.39647844565877355
0.3846630236794171	0.3970856102003643
0.3836308439587128	0.3976927747419551
0.38274438372799024	0.39829993928354585
0.38230722525804484	0.3989071038251366
0.38127504553734065	0.3995142683667274
0.3804493017607773	0.40012143290831814
0.3797571341833637	0.4007285974499089
0.3788342440801458	0.4013357619914997
0.3783120825743776	0.4019429265330905
0.3773891924711597	0.40255009107468126
0.3764905889496053	0.403157255616272
0.37548269581056476	0.4037644201578628
0.374001214329083	0.40437158469945356
0.37295689131754706	0.4049787492410443
0.3724711596842745	0.4055859137826351
0.3714632665452339	0.40619307832422585
0.3707589556769886	0.4068002428658166
0.3699696417729204	0.4074074074074074
0.3693989071038251	0.4080145719489982
0.36876745598057065	0.40862173649058897
0.3680024286581664	0.40922890103217974
0.3671281117182757	0.4098360655737705
0.3665452337583486	0.41044323011536127
0.365585913782635	0.41105039465695203
0.36479659987856694	0.4116575591985428
0.3642137219186398	0.41226472374013357
0.3630479659987857	0.41287188828172433
0.3623315118397085	0.4134790528233151
0.3616393442622951	0.41408621736490586
0.36109289617486323	0.4146933819064967
0.3606071645415907	0.41530054644808745
0.35963570127504546	0.4159077109896782
0.35880995749848216	0.416514875531269
0.35772920461445046	0.41712204007285975
0.3571706132361871	0.4177292046144505
0.35663630843958705	0.4183363691560413
0.3556041287188828	0.41894353369763204
0.35499696417729204	0.4195506982392228
0.35445051608986033	0.4201578627808136
0.35319975713418345	0.4207650273224044
0.35273831208257433	0.42137219186399516
0.3519611414693383	0.4219793564055859
0.35111111111111115	0.4225865209471767
0.3501032179720705	0.42319368548876746
0.34935033394049797	0.4238008500303582
0.3484153005464482	0.424408014571949
0.34751669702489374	0.42501517911353975
0.34676381299332115	0.4256223436551305
0.34592592592592586	0.4262295081967213
0.3451244687310262	0.4268366727383121
0.34460230722525814	0.42744383727990287
0.3440437158469946	0.42805100182149364
0.343351548269581	0.4286581663630844
0.34279295689131756	0.42926533090467517
0.34221007893139055	0.42987249544626593
0.34173649058894967	0.4304796599878567
0.3411657559198543	0.43108682452944747
0.3406314511232544	0.43169398907103823
0.34002428658166367	0.432301153612629
0.3392956891317547	0.4329083181542198
0.33838494231936855	0.4335154826958106
0.3376684881602913	0.43412264723740135
0.3366120218579235	0.4347298117789921
0.33604128718882825	0.4353369763205829
0.3353612629022466	0.43594414086217365
0.33471766848816037	0.4365513054037644
0.334013357619915	0.4371584699453552
0.33319975713418337	0.43776563448694594
0.33251973284760167	0.4383727990285367
0.3308075288403156	0.43897996357012753
0.33009107468123866	0.4395871281117183
0.3294596235579843	0.44019429265330906
0.3287917425622344	0.4408014571948998
0.32797814207650267	0.4414086217364906
0.3272859744990893	0.44201578627808136
0.32661809350333937	0.4426229508196721
0.32597449908925313	0.4432301153612629
0.3252823315118398	0.44383727990285365
0.324541590771099	0.4444444444444444
0.3239101396478445	0.44505160898603524
0.3232179720704311	0.445658773527626
0.3226836672738312	0.44626593806921677
0.32221007893139036	0.44687310261080754
0.32162720097146336	0.4474802671523983
0.32066788099574983	0.44808743169398907
0.32020643594414083	0.44869459623557983
0.3196964177292046	0.4493017607771706
0.31917425622343654	0.44990892531876137
0.3187128111718276	0.45051608986035213
0.31755919854280507	0.45112325440194295
0.31674559805707353	0.4517304189435337
0.3159441408621736	0.4523375834851245
0.3151183970856102	0.45294474802671525
0.3145719489981785	0.453551912568306
0.31411050394656964	0.4541590771098968
0.312629022465088	0.45476624165148755
0.31224043715846994	0.4553734061930783
0.3115968427443838	0.4559805707346691
0.3110989678202793	0.45658773527625984
0.31052823315118405	0.45719489981785066
0.30987249544626605	0.45780206435944143
0.3092653309046752	0.4584092289010322
0.30868245294474794	0.45901639344262296
0.307965998785671	0.4596235579842137
0.3071888281724347	0.4602307225258045
0.3063509411050395	0.46083788706739526
0.3059137826350941	0.461445051608986
0.30520947176684887	0.4620522161505768
0.30432301153612634	0.46265938069216755
0.3034608378870674	0.4632665452337584
0.3027929568913176	0.46387370977534914
0.3021129326047359	0.4644808743169399
0.30148148148148146	0.4650880388585307
0.3008136004857317	0.46569520340012144
0.3001457194899818	0.4663023679417122
0.2993199757134184	0.46690953248330297
0.2979477838494232	0.46751669702489373
0.2972677595628415	0.4681238615664845
0.2964784456587735	0.46873102610807527
0.2956891317547055	0.4693381906496661
0.29486338797814216	0.46994535519125685
0.29368548876745604	0.4705525197328476
0.2928961748633879	0.4711596842744384
0.29241044323011534	0.47176684881602915
0.29188828172434733	0.4723740133576199
0.2913054037644202	0.4729811778992107
0.29068609593199757	0.47358834244080145
0.28983606557377045	0.4741955069823922
0.2893260473588343	0.474802671523983
0.28892531876138433	0.47540983606557374
0.2883667273831208	0.47601700060716456
0.28757741347905286	0.47662416514875533
0.2869459623557984	0.4772313296903461
0.28602307225258056	0.47783849423193686
0.2852459016393443	0.4784456587735276
0.2847601700060716	0.4790528233151184
0.28404371584699456	0.47965998785670916
0.28301153612629026	0.4802671523982999
0.28255009107468126	0.4808743169398907
0.2819793564055859	0.48148148148148145
0.28131147540983614	0.4820886460230723
0.2805828779599271	0.48269581056466304
0.2798299939283546	0.4833029751062538
0.27917425622343656	0.4839101396478446
0.27761991499696426	0.48451730418943534
0.27685488767455985	0.4851244687310261
0.27623557984213715	0.48573163327261687
0.2755676988463873	0.48633879781420764
0.2750091074681238	0.4869459623557984
0.27437765634486944	0.48755312689738917
0.27340619307832426	0.48816029143898
0.2723254401942928	0.48876745598057075
0.2713175470552521	0.4893746205221615
0.27028536733454767	0.4899817850637523
0.26926533090467514	0.49058894960534305
0.268548876745598	0.4911961141469338
0.26750455373406185	0.4918032786885246
0.2669459623557984	0.49241044323011535
0.26622950819672137	0.4930176077717061
0.26554948391013977	0.4936247723132969
0.26463873709775343	0.4942319368548877
0.26397085610200377	0.49483910139647846
0.26338797814207654	0.49544626593806923
0.2624893746205222	0.49605343047966
0.26213721918639954	0.49666059502125076
0.2612629022465088	0.4972677595628415
0.2604493017607772	0.4978749241044323
0.2592592592592593	0.49848208864602306
0.25884638737097765	0.4990892531876138
0.25806921675774136	0.4996964177292046
0.257304189435337	0.5003035822707954
0.2567698846387371	0.5009107468123861
0.2562234365513054	0.5015179113539769
0.2556162720097146	0.5021250758955677
0.25482695810564665	0.5027322404371585
0.25378263509411053	0.5033394049787493
0.2533697632058287	0.50394656952034
0.2529326047358834	0.5045537340619308
0.25237401335761983	0.5051608986035215
0.25185185185185177	0.5057680631451124
0.25102610807528836	0.5063752276867031
0.250200364298725	0.5069823922282939
0.24936247723132965	0.5075895567698846
0.24858530661809347	0.5081967213114754
0.24790528233151182	0.5088038858530661
0.24748026715239826	0.509411050394657
0.24684881602914388	0.5100182149362478
0.2463387978142077	0.5106253794778385
0.24479659987856717	0.5112325440194293
0.24403157255616267	0.51183970856102
0.24280510018214943	0.5124468731026108
0.2424043715846995	0.5130540376442015
0.2418700667880996	0.5136612021857924
0.24145719489981787	0.5142683667273831
0.24085003035822702	0.5148755312689739
0.2397449908925319	0.5154826958105647
0.2391985428051002	0.5160898603521554
0.23873709775349117	0.5166970248937462
0.23797207043108692	0.517304189435337
0.23731633272616878	0.5179113539769278
0.23692774741955064	0.5185185185185185
0.2364420157862781	0.5191256830601093
0.23565270188221013	0.5197328476017
0.23482695810564672	0.5203400121432908
0.2342562234365513	0.5209471766848816
0.2335640558591377	0.5215543412264724
0.2325804493017608	0.5221615057680632
0.23177899210686093	0.5227686703096539
0.2310382513661202	0.5233758348512447
0.23066180935033395	0.5239829993928354
0.23000607164541592	0.5245901639344263
0.2292167577413479	0.525197328476017
0.2280995749848209	0.5258044930176078
0.22746812386156645	0.5264116575591985
0.2261809350333941	0.5270188221007893
0.2253551912568306	0.5276259866423801
0.22489374620522157	0.5282331511839709
0.22381299332119003	0.5288403157255617
0.22336369156041289	0.5294474802671524
0.22216150576806315	0.5300546448087432
0.22156648451730424	0.5306618093503339
0.22095931997571341	0.5312689738919247
0.22035215543412265	0.5318761384335154
0.21997571341833633	0.5324833029751063
0.21936854887674556	0.533090467516697
0.21878567091681847	0.5336976320582878
0.2183242258652095	0.5343047965998786
0.21792349726775953	0.5349119611414693
0.2169277474195507	0.5355191256830601
0.2163691560412873	0.5361262902246509
0.21595628415300552	0.5367334547662417
0.21561627200971464	0.5373406193078324
0.2142562234365513	0.5379477838494232
0.21302975106253796	0.5385549483910139
0.21258044930176073	0.5391621129326047
0.2119368548876745	0.5397692774741955
0.21158469945355185	0.5403764420157863
0.21085610200364296	0.5409836065573771
0.20989678202792955	0.5415907710989678
0.20942319368548876	0.5421979356405586
0.2089253187613843	0.5428051001821493
0.2084274438372799	0.5434122647237402
0.20780813600485726	0.5440194292653309
0.20746812386156643	0.5446265938069217
0.2066909532483303	0.5452337583485124
0.20604735883424408	0.5458409228901032
0.20535519125683066	0.546448087431694
0.20449301760777172	0.5470552519732848
0.20408014571948996	0.5476624165148756
0.2034972677595629	0.5482695810564663
0.20326654523375842	0.5488767455980571
0.20256223436551304	0.5494839101396478
0.20165148755312695	0.5500910746812386
0.2007650273224044	0.5506982392228293
0.2002428658166363	0.5513054037644202
0.19912568306010933	0.5519125683060109
0.19877352762598663	0.5525197328476017
0.19822707953855495	0.5531268973891925
0.19788706739526407	0.5537340619307832
0.19743776563448698	0.554341226472374
0.19661202185792348	0.5549483910139648
0.19561627200971463	0.5555555555555556
0.19513054037644206	0.5561627200971463
0.19476624165148756	0.5567698846387371
0.19412264723740133	0.5573770491803278
0.19372191863995142	0.5579842137219186
0.19277474195506983	0.5585913782635095
0.19213114754098368	0.5591985428051002
0.1913782635094111	0.559805707346691
0.1907468123861567	0.5604128718882817
0.18935033394049788	0.5610200364298725
0.18897389192471162	0.5616272009714632
0.18857316332726165	0.5622343655130541
0.18807528840315718	0.5628415300546448
0.18772313296903462	0.5634486945962356
0.18745598057073468	0.5640558591378263
0.18607164541590773	0.5646630236794171
0.18573163327261696	0.5652701882210079
0.18542805100182153	0.5658773527625987
0.1850758955676989	0.5664845173041895
0.18442015786278076	0.5670916818457802
0.18393442622950826	0.567698846387371
0.18358227079538558	0.5683060109289617
0.1828779599271402	0.5689131754705525
0.18217364905889494	0.5695203400121432
0.181906496660595	0.5701275045537341
0.18092289010321796	0.5707346690953249
0.1801214329083182	0.5713418336369156
0.17962355798421378	0.5719489981785064
0.17897996357012758	0.5725561627200971
0.17804493017607778	0.573163327261688
0.1772920461445052	0.5737704918032787
0.17687917425622346	0.5743776563448695
0.17621129326047355	0.5749848208864602
0.17511839708561017	0.575591985428051
0.17471766848816028	0.5761991499696417
0.1735761991499697	0.5768063145112325
0.1724590163934427	0.5774134790528234
0.17175470552519734	0.5780206435944141
0.1712446873102611	0.5786278081360049
0.1708682452944748	0.5792349726775956
0.16960534304796596	0.5798421372191864
0.16916818457802066	0.5804493017607771
0.1687674559805707	0.581056466302368
0.16743169398907104	0.5816636308439587
0.16697024893746198	0.5822707953855495
0.16658166363084395	0.5828779599271403
0.16573163327261686	0.583485124468731
0.1654280510018215	0.5840922890103218
0.16495446265938069	0.5846994535519126
0.16455373406193075	0.5853066180935034
0.1640194292653309	0.5859137826350941
0.16342440801457195	0.5865209471766849
0.16280510018214936	0.5871281117182756
0.16242865816636307	0.5877352762598664
0.1616757741347905	0.5883424408014571
0.16110503946569515	0.588949605343048
0.1608136004857316	0.5895567698846388
0.15986642380085	0.5901639344262295
0.15940497874924106	0.5907710989678203
0.15888281724347303	0.591378263509411
0.15802064359441415	0.5919854280510018
0.1573649058894961	0.5925925925925926
0.15673345476624168	0.5931997571341834
0.1563691560412872	0.5938069216757741
0.15601700060716456	0.5944140862173649
0.15548269581056465	0.5950212507589556
0.15443837279902853	0.5956284153005464
0.15407407407407409	0.5962355798421373
0.1534426229508197	0.596842744383728
0.152896174863388	0.5974499089253188
0.15254401942926532	0.5980570734669095
0.15199757134183364	0.5986642380085003
0.15142683667273832	0.599271402550091
0.15112325440194294	0.5998785670916819
0.15072252580449305	0.6004857316332726
0.1499453551912569	0.6010928961748634
0.14851244687310264	0.6017000607164542
0.14807528840315728	0.6023072252580449
0.1473588342440802	0.6029143897996357
0.14639951426836673	0.6035215543412265
0.1457073466909532	0.6041287188828173
0.14525804493017605	0.604735883424408
0.1447480267152398	0.6053430479659988
0.14432301153612628	0.6059502125075895
0.14349726775956284	0.6065573770491803
0.14297510625379478	0.607164541590771
0.14246508803885857	0.6077717061323619
0.14190649666059504	0.6083788706739527
0.14145719489981792	0.6089860352155434
0.14106860959319978	0.6095931997571342
0.14042501517911354	0.6102003642987249
0.14007285974499087	0.6108075288403157
0.13962355798421372	0.6114146933819065
0.13914996964177287	0.6120218579234973
0.13776563448694595	0.612629022465088
0.1373649058894961	0.6132361870066788
0.1365755919854281	0.6138433515482696
0.13593199757134186	0.6144505160898603
0.13494839101396483	0.6150576806314512
0.13469338190649668	0.6156648451730419
0.13421979356405592	0.6162720097146327
0.13374620522161507	0.6168791742562234
0.13347905282331513	0.6174863387978142
0.13307832422586519	0.6180935033394049
0.13272616879174254	0.6187006678809958
0.13220400728597448	0.6193078324225865
0.13062537947783842	0.6199149969641773
0.13039465695203395	0.6205221615057681
0.1297024893746205	0.6211293260473588
0.12926533090467518	0.6217364905889496
0.1286945962355798	0.6223436551305404
0.12813600485731627	0.6229508196721312
0.1278445658773527	0.6235579842137219
0.12738312082574374	0.6241651487553127
0.12705525197328474	0.6247723132969034
0.12652094717668486	0.6253794778384942
0.12588949605343047	0.6259866423800851
0.12540376442015785	0.6265938069216758
0.12501517911353976	0.6272009714632666
0.12432301153612631	0.6278081360048573
0.12383727990285365	0.6284153005464481
0.12343655130540376	0.6290224650880388
0.12307225258044932	0.6296296296296297
0.12241651487553128	0.6302367941712204
0.1220522161505768	0.6308439587128112
0.12151791135397694	0.6314511232544019
0.1207164541590771	0.6320582877959927
0.12010928961748635	0.6326654523375835
0.11970856102003642	0.6332726168791742
0.1191621129326047	0.6338797814207651
0.11810564663023677	0.6344869459623558
0.11785063752276867	0.6350941105039466
0.11702489374620524	0.6357012750455373
0.11647844565877355	0.6363084395871281
0.11612629022465087	0.6369156041287188
0.11568913175470553	0.6375227686703097
0.1152034001214329	0.6381299332119005
0.11492410443230121	0.6387370977534912
0.11352762598664244	0.639344262295082
0.1130540376442016	0.6399514268366727
0.11272616879174256	0.6405585913782635
0.11242258652094715	0.6411657559198543
0.11209471766848816	0.6417729204614451
0.11168184578020642	0.6423800850030358
0.11136612021857921	0.6429872495446266
0.11089253187613841	0.6435944140862173
0.11063752276867028	0.6442015786278081
0.10979963570127506	0.644808743169399
0.10943533697632062	0.6454159077109897
0.1088888888888889	0.6460230722525805
0.10818457802064359	0.6466302367941712
0.10786885245901635	0.647237401335762
0.10743169398907101	0.6478445658773527
0.10699453551912567	0.6484517304189436
0.10649666059502126	0.6490588949605343
0.10553734061930782	0.6496660595021251
0.10506375227686705	0.6502732240437158
0.10371584699453554	0.6508803885853066
0.10321797207043108	0.6514875531268974
0.10217364905889495	0.6520947176684881
0.10184578020643593	0.652701882210079
0.10121432908318154	0.6533090467516697
0.10072859744990889	0.6539162112932605
0.100194292653309	0.6545233758348512
0.09922282938676379	0.655130540376442
0.09880995749848206	0.6557377049180327
0.09853066180935034	0.6563448694596236
0.09823922282938677	0.6569520340012144
0.0980449301760777	0.6575591985428051
0.0978870673952641	0.6581663630843959
0.09744990892531874	0.6587735276259866
0.09642987249544627	0.6593806921675774
0.0957498482088646	0.6599878567091682
0.09509411050394657	0.660595021250759
0.0948876745598057	0.6612021857923497
0.09470552519732843	0.6618093503339405
0.09418336369156038	0.6624165148755312
0.09402550091074678	0.663023679417122
0.09350333940497871	0.6636308439587129
0.09264116575591982	0.6642380085003036
0.09243472981177898	0.6648451730418944
0.09216757741347906	0.6654523375834851
0.0911111111111111	0.6660595021250759
0.09062537947783848	0.6666666666666666
0.09034608378870672	0.6672738312082575
0.09001821493624768	0.6678809957498482
0.08973891924711597	0.668488160291439
0.08953248330297513	0.6690953248330298
0.08882817243472983	0.6697024893746205
0.08766241651487552	0.6703096539162113
0.08749241044323014	0.670916818457802
0.08720097146326655	0.6715239829993929
0.08675166970248938	0.6721311475409836
0.0864602307225258	0.6727383120825744
0.08590163934426229	0.6733454766241651
0.08547662416514874	0.6739526411657559
0.08457802064359443	0.6745598057073466
0.08437158469945355	0.6751669702489375
0.08398299939283546	0.6757741347905283
0.08344869459623558	0.676381299332119
0.08207650273224043	0.6769884638737098
0.08161505768063143	0.6775956284153005
0.0813479052823315	0.6782027929568913
0.08072859744990891	0.678809957498482
0.08058287795992713	0.6794171220400729
0.08001214329083181	0.6800242865816636
0.07979356405585915	0.6806314511232544
0.07942926533090468	0.6812386156648452
0.07912568306010927	0.6818457802064359
0.07895567698846385	0.6824529447480268
0.0785792349726776	0.6830601092896175
0.07832422586520947	0.6836672738312083
0.07810564663023678	0.684274438372799
0.07789921068609593	0.6848816029143898
0.07738919247115968	0.6854887674559805
0.07681845780206435	0.6860959319975714
0.07647844565877354	0.6867030965391621
0.07634486945962357	0.6873102610807529
0.07527625986642382	0.6879174256223437
0.0748148148148148	0.6885245901639344
0.07381906496660595	0.6891317547055252
0.0734547662416515	0.689738919247116
0.07311475409836066	0.6903460837887068
0.07213114754098361	0.6909532483302975
0.07174256223436552	0.6915604128718883
0.07157255616272011	0.692167577413479
0.07066180935033395	0.6927747419550698
0.07026108075288404	0.6933819064966606
0.07018822100789315	0.6939890710382514
0.06965391621129327	0.6945962355798422
0.0694353369763206	0.6952034001214329
0.06921675774134789	0.6958105646630237
0.06870673952641165	0.6964177292046144
0.06809957498482089	0.6970248937462052
0.06802671523983	0.697632058287796
0.06672738312082575	0.6982392228293868
0.06656952034001215	0.6988463873709775
0.06578020643594416	0.6994535519125683
0.0655859137826351	0.7000607164541591
0.0653551912568306	0.7006678809957498
0.06516089860352156	0.7012750455373407
0.0650273224043716	0.7018822100789314
0.06444444444444446	0.7024893746205222
0.06364298724954465	0.7030965391621129
0.0632301153612629	0.7037037037037037
0.06302367941712203	0.7043108682452944
0.06279295689131753	0.7049180327868853
0.06238008500303582	0.7055251973284761
0.062258652094717676	0.7061323618700668
0.0620522161505768	0.7067395264116576
0.06180935033394049	0.7073466909532483
0.06154219793564054	0.7079538554948391
0.0613479052823315	0.7085610200364298
0.061117182756527014	0.7091681845780207
0.06087431693989071	0.7097753491196114
0.060655737704918035	0.7103825136612022
0.06032786885245901	0.7109896782027929
0.060218579234972654	0.7115968427443837
0.05997571341833635	0.7122040072859745
0.059647844565877337	0.7128111718275653
0.05946569520340012	0.7134183363691561
0.05924711596842745	0.7140255009107468
0.059077109896782026	0.7146326654523376
0.058907103825136614	0.7152398299939283
0.058652094717668496	0.7158469945355191
0.0579477838494232	0.7164541590771099
0.057595628415300554	0.7170613236187007
0.05742562234365514	0.7176684881602914
0.05721918639951427	0.7182756527018822
0.05678202792956895	0.718882817243473
0.05656344869459626	0.7194899817850637
0.05625986642380087	0.7200971463266546
0.055531268973891955	0.7207043108682453
0.05516697024893749	0.7213114754098361
0.05497267759562845	0.7219186399514268
0.05460837887067397	0.7225258044930176
0.05421979356405588	0.7231329690346083
0.054146933819064984	0.7237401335761992
0.05398907103825138	0.72434729811779
0.05350333940497877	0.7249544626593807
0.053321190042501534	0.7255616272009715
0.05268973891924713	0.7261687917425622
0.05208257437765634	0.726775956284153
0.05122040072859745	0.7273831208257437
0.05064966605950212	0.7279902853673346
0.050552519732847606	0.7285974499089253
0.050382513661202194	0.7292046144505161
0.05004250151791135	0.7298117789921068
0.04990892531876139	0.7304189435336976
0.049605343047965995	0.7310261080752884
0.04911961141469337	0.7316332726168792
0.049083181542197936	0.73224043715847
0.048658166363084406	0.7328476017000607
0.04824529447480267	0.7334547662416515
0.048026715239829994	0.7340619307832422
0.04773527625986642	0.734669095324833
0.04744383727990285	0.7352762598664238
0.046933819064966596	0.7358834244080146
0.04673952641165756	0.7364905889496054
0.04631451123254401	0.7370977534911961
0.04616879174256222	0.7377049180327869
0.04609593199757133	0.7383120825743776
0.04598664238008499	0.7389192471159685
0.04588949605343046	0.7395264116575592
0.0456830601092896	0.74013357619915
0.045233758348512426	0.7407407407407407
0.04501517911353976	0.7413479052823315
0.04477231329690344	0.7419550698239222
0.044505160898603506	0.742562234365513
0.04422586520947175	0.7431693989071039
0.04400728597449907	0.7437765634486946
0.043873709775349094	0.7443837279902854
0.04365513054037642	0.7449908925318761
0.043290831815421954	0.7455980570734669
0.043169398907103806	0.7462052216150576
0.04302367941712202	0.7468123861566485
0.0429265330904675	0.7474195506982392
0.04273224043715846	0.74802671523983
0.042307225258044937	0.7486338797814208
0.041906496660595025	0.7492410443230115
0.04177292046144507	0.7498482088646024
0.04167577413479053	0.7504553734061931
0.04109289617486339	0.7510625379477839
0.0409471766848816	0.7516697024893746
0.04081360048573163	0.7522768670309654
0.04054644808743168	0.7528840315725561
0.04044930176077716	0.7534911961141469
0.039963570127504545	0.7540983606557377
0.0397692774741955	0.7547055251973285
0.03948998178506376	0.7553126897389193
0.03899210686095932	0.75591985428051
0.038785670916818456	0.7565270188221008
0.03862780813600485	0.7571341833636915
0.0384335154826958	0.7577413479052824
0.03827565270188221	0.7583485124468731
0.037717061323618704	0.7589556769884639
0.03754705525197329	0.7595628415300546
0.03738919247115969	0.7601700060716454
0.03725561627200972	0.7607771706132362
0.03695203400121434	0.761384335154827
0.036612021857923505	0.7619914996964178
0.036381299332119005	0.7625986642380085
0.036259866423800864	0.7632058287795993
0.036162720097146335	0.76381299332119
0.03583485124468732	0.7644201578627808
0.035786278081360055	0.7650273224043715
0.03533697632058288	0.7656344869459624
0.03519125683060109	0.7662416514875531
0.03505768063145112	0.7668488160291439
0.03424408014571949	0.7674559805707347
0.033940497874924105	0.7680631451123254
0.033721918639951415	0.7686703096539163
0.03350333940497874	0.769277474195507
0.03343047965998785	0.7698846387370978
0.033236187006678804	0.7704918032786885
0.03293260473588342	0.7710989678202793
0.0328354584092289	0.77170613236187
0.03273831208257437	0.7723132969034608
0.03259259259259259	0.7729204614450516
0.0325197328476017	0.7735276259866424
0.032398299939283545	0.7741347905282332
0.0322161505768063	0.7747419550698239
0.03163327261687916	0.7753491196114147
0.03105039465695202	0.7759562841530054
0.030928961748633865	0.7765634486945963
0.030831815421979346	0.777170613236187
0.030698239222829375	0.7777777777777778
0.03050394656952033	0.7783849423193685
0.030309653916211286	0.7789921068609593
0.02988463873709775	0.7795992714025501
0.02969034608378871	0.7802064359441409
0.029581056466302366	0.7808136004857317
0.029386763812993322	0.7814207650273224
0.029143897996357013	0.7820279295689132
0.029046751669702484	0.7826350941105039
0.02880388585306619	0.7832422586520947
0.028706739526411663	0.7838494231936854
0.028403157255616273	0.7844565877352763
0.02831815421979356	0.785063752276867
0.028172434729811777	0.7856709168184578
0.028123861566484516	0.7862780813600486
0.027638129933211894	0.7868852459016393
0.02746812386156648	0.7874924104432302
0.027431693989071033	0.7880995749848209
0.0272495446265938	0.7887067395264117
0.027018822100789305	0.7893139040680024
0.026703096539162106	0.7899210686095932
0.026338797814207643	0.7905282331511839
0.02612021857923497	0.7911353976927747
0.026023072252580444	0.7917425622343656
0.025707346690953245	0.7923497267759563
0.025500910746812388	0.7929568913175471
0.025428051001821498	0.7935640558591378
0.025197328476017	0.7941712204007286
0.025124468731026108	0.7947783849423193
0.024529447480267155	0.7953855494839102
0.024286581663630846	0.7959927140255009
0.024080145719489986	0.7965998785670917
0.023800850030358225	0.7972070431086824
0.023691560412871883	0.7978142076502732
0.023181542197935636	0.798421372191864
0.023120825743776562	0.7990285367334548
0.022950819672131147	0.7996357012750456
0.022853673345476624	0.8002428658166363
0.02273224043715847	0.8008500303582271
0.02268366727383121	0.8014571948998178
0.022525804493017606	0.8020643594414086
0.022210078931390403	0.8026715239829993
0.02217364905889496	0.8032786885245902
0.022088646023072252	0.803885853066181
0.022040072859744984	0.8044930176077717
0.021700060716454153	0.8051001821493625
0.021675774134790524	0.8057073466909532
0.021372191863995135	0.806314511232544
0.02064359441408621	0.8069216757741348
0.02043715846994535	0.8075288403157256
0.020170006071645413	0.8081360048573163
0.019842137219186394	0.8087431693989071
0.019769277474195504	0.8093503339404978
0.019635701275045533	0.8099574984820886
0.019514268366727382	0.8105646630236795
0.019429265330904673	0.8111718275652702
0.019392835458409228	0.811778992106861
0.01933211900425015	0.8123861566484517
0.019271402550091077	0.8129933211900425
0.01923497267759563	0.8136004857316332
0.01917425622343655	0.8142076502732241
0.018943533697632055	0.8148148148148148
0.01885853066180935	0.8154219793564056
0.018737097753491198	0.8160291438979964
0.018627808136004856	0.8166363084395871
0.018554948391013962	0.8172434729811779
0.01845780206435944	0.8178506375227687
0.018324225865209473	0.8184578020643595
0.018275652701882215	0.8190649666059502
0.01817850637522769	0.819672131147541
0.018008500303582274	0.8202792956891317
0.017899210686095932	0.8208864602307225
0.017704918032786884	0.8214936247723132
0.017595628415300546	0.8221007893139041
0.01754705525197328	0.8227079538554949
0.01752276867030965	0.8233151183970856
0.017146326654523376	0.8239222829386764
0.017073466909532483	0.8245294474802671
0.01689131754705525	0.825136612021858
0.016782027929568916	0.8257437765634487
0.016745598057073468	0.8263509411050395
0.016575591985428052	0.8269581056466302
0.016454159077109894	0.827565270188221
0.016344869459623556	0.8281724347298117
0.01630843958712811	0.8287795992714025
0.01628415300546448	0.8293867638129934
0.016077717061323618	0.8299939283545841
0.016053430479659986	0.8306010928961749
0.015786278081360045	0.8312082574377656
0.015725561627200967	0.8318154219793564
0.01568913175470552	0.8324225865209471
0.015616272009714629	0.833029751062538
0.015409836065573765	0.8336369156041287
0.015349119611414688	0.8342440801457195
0.015324833029751057	0.8348512446873103
0.015166970248937458	0.835458409228901
0.015069823922282937	0.8360655737704918
0.014960534304796597	0.8366727383120826
0.01492410443230115	0.8372799028536734
0.014851244687310259	0.8378870673952641
0.014814814814814815	0.8384942319368549
0.014802671523983	0.8391013964784456
0.014681238615664845	0.8397085610200364
0.01462052216150577	0.8403157255616271
0.014535519125683058	0.840922890103218
0.014001214329083182	0.8415300546448088
0.01392835458409229	0.8421372191863995
0.01374620522161506	0.8427443837279903
0.01368548876745598	0.843351548269581
0.013539769277474197	0.8439587128111719
0.013466909532483301	0.8445658773527626
0.013466909532483301	0.8451730418943534
0.01339404978749241	0.8457802064359441
0.013066180935033396	0.8463873709775349
0.013041894353369762	0.8469945355191257
0.012944748026715238	0.8476017000607164
0.012932604735883422	0.8482088646023073
0.012847601700060716	0.848816029143898
0.012823315118397082	0.8494231936854888
0.012799028536733452	0.8500303582270795
0.012762598664238003	0.8506375227686703
0.01259259259259259	0.851244687310261
0.01259259259259259	0.8518518518518519
0.012374013357619913	0.8524590163934426
0.012313296903460837	0.8530661809350334
0.012167577413479052	0.8536733454766242
0.01203400121432908	0.8542805100182149
0.01190042501517911	0.8548876745598057
0.011815421979356405	0.8554948391013965
0.01176684881602914	0.8561020036429873
0.011669702489374618	0.856709168184578
0.01156041287188828	0.8573163327261688
0.011305403764420156	0.8579234972677595
0.011244687310261079	0.8585306618093503
0.011232544019429263	0.8591378263509412
0.011171827565270187	0.8597449908925319
0.01113539769277474	0.8603521554341227
0.01108682452944748	0.8609593199757134
0.011074681238615665	0.8615664845173042
0.010758955676988462	0.8621736490588949
0.01066180935033394	0.8627808136004858
0.010625379477838495	0.8633879781420765
0.01037037037037037	0.8639951426836673
0.010333940497874923	0.864602307225258
0.010333940497874923	0.8652094717668488
0.010200364298724953	0.8658166363084396
0.010188221007893137	0.8664238008500303
0.010188221007893137	0.8670309653916212
0.010139647844565877	0.8676381299332119
0.009981785063752276	0.8682452944748027
0.009933211900425015	0.8688524590163934
0.00989678202792957	0.8694596235579842
0.00981177899210686	0.8700667880995749
0.0097632058287796	0.8706739526411658
0.009738919247115969	0.8712811171827566
0.00959319975713418	0.8718882817243473
0.009520340012143289	0.8724954462659381
0.009386763812993321	0.8731026108075288
0.009301760777170614	0.8737097753491196
0.009265330904675167	0.8743169398907104
0.009241044323011536	0.8749241044323012
0.009119611414693382	0.8755312689738919
0.009083181542197935	0.8761384335154827
0.009010321797207043	0.8767455980570734
0.008828172434729812	0.8773527625986642
0.008694596235579843	0.8779599271402551
0.008597449908925319	0.8785670916818458
0.008488160291438979	0.8791742562234366
0.008463873709775348	0.8797814207650273
0.008391013964784455	0.8803885853066181
0.008306010928961749	0.8809957498482088
0.008269581056466302	0.8816029143897997
0.00819672131147541	0.8822100789313904
0.007893139040680024	0.8828172434729812
0.007808136004857315	0.8834244080145719
0.007540983606557377	0.8840315725561627
0.00734669095324833	0.8846387370977535
0.0072981177899210685	0.8852459016393442
0.007164541590771096	0.8858530661809351
0.007164541590771096	0.8864602307225258
0.0071402550091074655	0.8870673952641166
0.007115968427443835	0.8876745598057073
0.007091681845780204	0.8882817243472981
0.007079538554948388	0.8888888888888888
0.007030965391621128	0.8894960534304797
0.006982392228293865	0.8901032179720705
0.006982392228293865	0.8907103825136612
0.006775956284153003	0.891317547055252
0.006630236794171218	0.8919247115968427
0.006472374013357617	0.8925318761384335
0.006399514268366725	0.8931390406800243
0.006375227686703094	0.8937462052216151
0.006302367941712203	0.8943533697632058
0.006302367941712203	0.8949605343047966
0.006205221615057679	0.8955676988463873
0.0061445051608986015	0.8961748633879781
0.006095931997571339	0.896782027929569
0.006059502125075893	0.8973891924711597
0.006035215543412262	0.8979963570127505
0.005743776563448694	0.8986035215543412
0.005634486945962355	0.899210686095932
0.005464480874316939	0.8998178506375227
0.0054401942926533085	0.9004250151791136
0.005428051001821493	0.9010321797207043
0.005391621129326047	0.9016393442622951
0.005355191256830601	0.9022465088038859
0.005343047965998785	0.9028536733454766
0.005258044930176078	0.9034608378870674
0.005221615057680632	0.9040680024286581
0.005197328476017001	0.904675166970249
0.0051608986035215545	0.9052823315118397
0.005124468731026109	0.9058894960534305
0.005088038858530663	0.9064966605950212
0.005075895567698847	0.907103825136612
0.00501517911353977	0.9077109896782027
0.00501517911353977	0.9083181542197936
0.005003035822707954	0.9089253187613844
0.00499089253187614	0.9095324833029751
0.004942319368548877	0.9101396478445659
0.004699453551912569	0.9107468123861566
0.004663023679417123	0.9113539769277474
0.00459016393442623	0.9119611414693382
0.004529447480267154	0.912568306010929
0.004468731026108076	0.9131754705525197
0.00443230115361263	0.9137826350941105
0.004395871281117183	0.9143897996357013
0.004323011536126291	0.914996964177292
0.00429872495446266	0.9156041287188829
0.004080145719489982	0.9162112932604736
0.004043715846994536	0.9168184578020644
0.003995142683667274	0.9174256223436551
0.003982999392835459	0.9180327868852459
0.003958712811171828	0.9186399514268366
0.003958712811171828	0.9192471159684275
0.003946569520340013	0.9198542805100182
0.00387370977534912	0.920461445051609
0.003764420157862781	0.9210686095931998
0.0037279902853673353	0.9216757741347905
0.003703703703703704	0.9222829386763813
0.003667273831208258	0.922890103217972
0.0034365513054037656	0.9234972677595629
0.003363691560412873	0.9241044323011536
0.003339404978749242	0.9247115968427444
0.003242258652094718	0.9253187613843351
0.003230115361262903	0.9259259259259259
0.0031815421979356413	0.9265330904675168
0.003120825743776564	0.9271402550091075
0.0030601092896174868	0.9277474195506983
0.00299939283545841	0.928354584092289
0.0029143897996357017	0.9289617486338798
0.0029022465088038856	0.9295689131754705
0.0028658166363084397	0.9301760777170613
0.0028536733454766245	0.930783242258652
0.0028415300546448087	0.9313904068002429
0.0028293867638129935	0.9319975713418336
0.0027808136004857315	0.9326047358834244
0.0027808136004857315	0.9332119004250152
0.0027443837279902857	0.9338190649666059
0.002720097146326655	0.9344262295081968
0.002671523982999393	0.9350333940497875
0.002671523982999393	0.9356405585913783
0.0025986642380085	0.936247723132969
0.002586520947176685	0.9368548876745598
0.0025622343655130535	0.9374620522161505
0.0025622343655130535	0.9380692167577414
0.002550091074681238	0.9386763812993322
0.002513661202185792	0.9392835458409229
0.002513661202185792	0.9398907103825137
0.0024893746205221614	0.9404978749241044
0.0024893746205221614	0.9411050394656952
0.0024408014571949	0.941712204007286
0.0024043715846994535	0.9423193685488768
0.0023679417122040073	0.9429265330904675
0.002331511839708561	0.9435336976320583
0.00230722525804493	0.944140862173649
0.002282938676381299	0.9447480267152398
0.002282938676381299	0.9453551912568307
0.002246508803885853	0.9459623557984214
0.0022343655130540375	0.9465695203400122
0.002210078931390407	0.9471766848816029
0.002185792349726776	0.9477838494231937
0.0021736490588949607	0.9483910139647844
0.0021615057680631454	0.9489981785063752
0.0021372191863995144	0.949605343047966
0.002125075895567699	0.9502125075895568
0.002125075895567699	0.9508196721311475
0.002125075895567699	0.9514268366727383
0.002076502732240437	0.9520340012143291
0.002040072859744991	0.9526411657559198
0.001979356405585914	0.9532483302975107
0.001955069823922283	0.9538554948391014
0.0019186399514268368	0.9544626593806922
0.0018822100789313905	0.9550698239222829
0.0018822100789313905	0.9556769884638737
0.00185792349726776	0.9562841530054644
0.0018214936247723135	0.9568913175470553
0.0018214936247723135	0.9574984820886461
0.0017972070431086825	0.9581056466302368
0.0017729204614450518	0.9587128111718276
0.0017243472981177902	0.9593199757134183
0.0017243472981177902	0.9599271402550091
0.001663630843958713	0.9605343047965998
0.0016393442622950822	0.9611414693381907
0.0016393442622950822	0.9617486338797814
0.0016150576806314512	0.9623557984213722
0.0016029143897996357	0.9629629629629629
0.0016029143897996357	0.9635701275045537
0.001578627808136005	0.9641772920461446
0.0015421979356405589	0.9647844565877353
0.0015421979356405589	0.9653916211293261
0.0015179113539769277	0.9659987856709168
0.001493624772313297	0.9666059502125076
0.0014814814814814816	0.9672131147540983
0.0014450516089860354	0.9678202792956891
0.0014207650273224048	0.9684274438372799
0.0013843351548269583	0.9690346083788707
0.001347905282331512	0.9696417729204615
0.0013357619914996968	0.9702489374620522
0.001311475409836066	0.970856102003643
0.0012871888281724348	0.9714632665452337
0.0012750455373406197	0.9720704310868246
0.0012386156648451735	0.9726775956284153
0.0012386156648451735	0.9732847601700061
0.0012264723740133582	0.9738919247115968
0.0012021857923497276	0.9744990892531876
0.0012021857923497276	0.9751062537947783
0.0011778992106860969	0.9757134183363692
0.001153612629022466	0.97632058287796
0.0011293260473588351	0.9769277474195507
0.0011293260473588351	0.9775349119611415
0.0011050394656952041	0.9781420765027322
0.0010928961748633888	0.978749241044323
0.0010807528840315734	0.9793564055859137
0.0010564663023679426	0.9799635701275046
0.0010321797207043118	0.9805707346690953
0.0010200364298724963	0.9811778992106861
0.00098360655737705	0.9817850637522769
0.0009350333940497883	0.9823922282938676
0.0009350333940497883	0.9829993928354585
0.000922890103217973	0.9836065573770492
0.000898603521554342	0.98421372191864
0.0008500303582270803	0.9848208864602307
0.000813600485731634	0.9854280510018215
0.0008014571948998185	0.9860352155434122
0.0007650273224043723	0.986642380085003
0.0007528840315725568	0.9872495446265938
0.0007407407407407412	0.9878567091681846
0.0007407407407407412	0.9884638737097754
0.0007407407407407412	0.9890710382513661
0.0007164541590771104	0.9896782027929569
0.0007164541590771104	0.9902853673345476
0.0007164541590771104	0.9908925318761385
0.0006800242865816641	0.9914996964177292
0.0006435944140862179	0.99210686095932
0.0006435944140862179	0.9927140255009107
0.0006071645415907717	0.9933211900425015
0.0006071645415907717	0.9939283545840923
0.0006071645415907717	0.994535519125683
0.0006071645415907717	0.9951426836672739
0.0006071645415907717	0.9957498482088646
0.0006071645415907717	0.9963570127504554
0.0006071645415907717	0.9969641772920461
0.0006071645415907717	0.9975713418336369
0.0006071645415907717	0.9981785063752276
0.0006071645415907717	0.9987856709168185
0.0006071645415907717	0.9993928354584092
