0.9860352155434122	0.0006071645415907711
0.9732847601700061	0.0012143290831815423
0.9550698239222829	0.0018214936247723133
0.9477838494231937	0.0024286581663630845
0.9301760777170613	0.0030358227079538553
0.9156041287188829	0.0036429872495446266
0.9095324833029751	0.004250151791135397
0.9010321797207043	0.004857316332726169
0.8925318761384335	0.00546448087431694
0.8803885853066181	0.006071645415907711
0.8737097753491196	0.006678809957498482
0.8609593199757134	0.007285974499089253
0.8494231936854888	0.007893139040680024
0.8384942319368549	0.008500303582270795
0.8336369156041287	0.009107468123861567
0.8281724347298117	0.009714632665452338
0.8245294474802671	0.010321797207043109
0.8190649666059502	0.01092896174863388
0.8129933211900425	0.01153612629022465
0.8105646630236795	0.012143290831815421
0.8044930176077717	0.012750455373406194
0.8014571948998178	0.013357619914996965
0.7996357012750456	0.013964784456587736
0.7874924104432302	0.014571948998178506
0.7759562841530054	0.015179113539769277
0.7607771706132362	0.015786278081360048
0.7547055251973285	0.01639344262295082
0.7498482088646024	0.01700060716454159
0.7498482088646024	0.017607771706132362
0.7364905889496054	0.018214936247723135
0.7285974499089253	0.018822100789313904
0.7207043108682453	0.019429265330904676
0.7182756527018822	0.020036429872495445
0.7134183363691561	0.020643594414086218
0.7109896782027929	0.021250758955676987
0.7061323618700668	0.02185792349726776
0.7049180327868853	0.022465088038858532
0.6988463873709775	0.0230722525804493
0.6933819064966606	0.023679417122040074
0.6879174256223437	0.024286581663630843
0.6818457802064359	0.024893746205221615
0.6751669702489375	0.025500910746812388
0.6739526411657559	0.026108075288403157
0.6654523375834851	0.02671523982999393
0.6508803885853066	0.0273224043715847
0.6435944140862173	0.02792956891317547
0.6302367941712204	0.02853673345476624
0.6284153005464481	0.029143897996357013
0.6265938069216758	0.029751062537947785
0.6241651487553127	0.030358227079538554
0.6229508196721312	0.030965391621129327
0.6205221615057681	0.031572556162720096
0.6199149969641773	0.03217972070431087
0.6168791742562234	0.03278688524590164
0.6132361870066788	0.033394049787492414
0.604735883424408	0.03400121432908318
0.6029143897996357	0.03460837887067395
0.6023072252580449	0.035215543412264724
0.5956284153005464	0.0358227079538555
0.5859137826350941	0.03642987249544627
0.5780206435944141	0.037037037037037035
0.5743776563448695	0.03764420157862781
0.5689131754705525	0.03825136612021858
0.5585913782635095	0.03885853066180935
0.5567698846387371	0.03946569520340012
0.5561627200971463	0.04007285974499089
0.5537340619307832	0.04068002428658166
0.5531268973891925	0.041287188828172436
0.5482695810564663	0.04189435336976321
0.5421979356405586	0.042501517911353974
0.5403764420157863	0.04310868245294475
0.5391621129326047	0.04371584699453552
0.5367334547662417	0.04432301153612629
0.5361262902246509	0.044930176077717064
0.5349119611414693	0.04553734061930783
0.5324833029751063	0.0461445051608986
0.5264116575591985	0.046751669702489375
0.5233758348512447	0.04735883424408015
0.5197328476017	0.04796599878567092
0.5142683667273831	0.048573163327261686
0.5142683667273831	0.04918032786885246
0.5136612021857924	0.04978749241044323
0.5130540376442015	0.050394656952034
0.5069823922282939	0.051001821493624776
0.5015179113539769	0.05160898603521554
0.49848208864602306	0.052216150576806314
0.49483910139647846	0.052823315118397086
0.4918032786885246	0.05343047965998786
0.4893746205221615	0.054037644201578625
0.48816029143898	0.0546448087431694
0.47965998785670916	0.05525197328476017
0.47601700060716456	0.05585913782635094
0.47540983606557374	0.056466302367941715
0.46265938069216755	0.05707346690953248
0.4432301153612629	0.05768063145112325
0.4371584699453552	0.058287795992714025
0.4365513054037644	0.0588949605343048
0.432301153612629	0.05950212507589557
0.4304796599878567	0.060109289617486336
0.4256223436551305	0.06071645415907711
0.4256223436551305	0.06132361870066788
0.4183363691560413	0.061930783242258654
0.4146933819064967	0.06253794778384943
0.40862173649058897	0.06314511232544019
0.40862173649058897	0.06375227686703097
0.40862173649058897	0.06435944140862174
0.40862173649058897	0.0649666059502125
0.4068002428658166	0.06557377049180328
0.4055859137826351	0.06618093503339405
0.40437158469945356	0.06678809957498483
0.4019429265330905	0.06739526411657559
0.39647844565877355	0.06800242865816636
0.3946569520340012	0.06860959319975714
0.39344262295081966	0.0692167577413479
0.3861566484517304	0.06982392228293868
0.1979356405585914	0.07043108682452945
0.1979356405585914	0.07103825136612021
0.1979356405585914	0.071645415907711
0.1912568306010929	0.07225258044930176
0.1912568306010929	0.07285974499089254
0.16332726168791742	0.0734669095324833
0.15361262902246509	0.07407407407407407
0.15361262902246509	0.07468123861566485
0.14814814814814814	0.07528840315725562
0.14632665452337584	0.07589556769884638
0.1366120218579235	0.07650273224043716
0.1366120218579235	0.07710989678202793
0.1366120218579235	0.0777170613236187
0.1366120218579235	0.07832422586520947
0.1366120218579235	0.07893139040680024
0.1366120218579235	0.07953855494839102
0.13175470552519733	0.08014571948998178
0.13175470552519733	0.08075288403157256
0.13175470552519733	0.08136004857316333
0.13175470552519733	0.08196721311475409
0.13175470552519733	0.08257437765634487
0.13175470552519733	0.08318154219793564
0.13175470552519733	0.08378870673952642
0.13175470552519733	0.08439587128111718
0.13175470552519733	0.08500303582270795
0.1305403764420158	0.08561020036429873
0.1305403764420158	0.0862173649058895
0.12629022465088038	0.08682452944748027
0.07650273224043716	0.08743169398907104
0.07650273224043716	0.0880388585306618
0.07650273224043716	0.08864602307225258
0.07103825136612021	0.08925318761384335
0.07103825136612021	0.08986035215543413
0.07103825136612021	0.0904675166970249
0.07103825136612021	0.09107468123861566
0.07103825136612021	0.09168184578020644
0.05585913782635094	0.0922890103217972
0.05585913782635094	0.09289617486338798
0.0546448087431694	0.09350333940497875
0.0546448087431694	0.09411050394656952
0.0546448087431694	0.0947176684881603
0.0546448087431694	0.09532483302975106
0.0546448087431694	0.09593199757134184
0.0546448087431694	0.0965391621129326
0.0546448087431694	0.09714632665452337
0.0546448087431694	0.09775349119611415
0.0546448087431694	0.09836065573770492
0.0546448087431694	0.0989678202792957
0.051001821493624776	0.09957498482088646
0.051001821493624776	0.10018214936247723
0.051001821493624776	0.100789313904068
0.051001821493624776	0.10139647844565877
0.051001821493624776	0.10200364298724955
0.051001821493624776	0.10261080752884032
0.051001821493624776	0.10321797207043108
0.051001821493624776	0.10382513661202186
0.03825136612021858	0.10443230115361263
0.037037037037037035	0.1050394656952034
0.037037037037037035	0.10564663023679417
0.037037037037037035	0.10625379477838494
0.037037037037037035	0.10686095931997572
0.035215543412264724	0.10746812386156648
0.035215543412264724	0.10807528840315725
0.03278688524590164	0.10868245294474803
0.03278688524590164	0.1092896174863388
0.03278688524590164	0.10989678202792957
0.03278688524590164	0.11050394656952034
0.03278688524590164	0.1111111111111111
0.03278688524590164	0.11171827565270188
0.029143897996357013	0.11232544019429265
0.029143897996357013	0.11293260473588343
0.029143897996357013	0.1135397692774742
0.029143897996357013	0.11414693381906496
0.029143897996357013	0.11475409836065574
0.029143897996357013	0.1153612629022465
0.029143897996357013	0.11596842744383729
0.029143897996357013	0.11657559198542805
0.029143897996357013	0.11718275652701882
0.029143897996357013	0.1177899210686096
0.029143897996357013	0.11839708561020036
0.02792956891317547	0.11900425015179114
0.02792956891317547	0.1196114146933819
0.02792956891317547	0.12021857923497267
0.02792956891317547	0.12082574377656345
0.02792956891317547	0.12143290831815422
0.02792956891317547	0.122040072859745
0.02792956891317547	0.12264723740133576
0.02792956891317547	0.12325440194292653
0.02792956891317547	0.12386156648451731
0.02792956891317547	0.12446873102610807
0.02792956891317547	0.12507589556769885
0.02792956891317547	0.12568306010928962
0.02792956891317547	0.12629022465088038
0.02792956891317547	0.12689738919247115
0.02792956891317547	0.12750455373406194
0.02792956891317547	0.1281117182756527
0.02792956891317547	0.12871888281724347
0.02792956891317547	0.12932604735883424
0.02792956891317547	0.129933211900425
0.02792956891317547	0.1305403764420158
0.02792956891317547	0.13114754098360656
0.02792956891317547	0.13175470552519733
0.02792956891317547	0.1323618700667881
0.02792956891317547	0.13296903460837886
0.02792956891317547	0.13357619914996965
0.02792956891317547	0.13418336369156042
0.02185792349726776	0.13479052823315119
0.02185792349726776	0.13539769277474195
0.02185792349726776	0.13600485731633272
0.02185792349726776	0.1366120218579235
0.02185792349726776	0.13721918639951428
0.020036429872495445	0.13782635094110504
0.020036429872495445	0.1384335154826958
0.020036429872495445	0.13904068002428657
0.020036429872495445	0.13964784456587737
0.020036429872495445	0.14025500910746813
0.020036429872495445	0.1408621736490589
0.020036429872495445	0.14146933819064966
0.017607771706132362	0.14207650273224043
0.017607771706132362	0.14268366727383122
0.017607771706132362	0.143290831815422
0.017607771706132362	0.14389799635701275
0.017607771706132362	0.14450516089860352
0.017607771706132362	0.14511232544019428
0.017607771706132362	0.14571948998178508
0.017607771706132362	0.14632665452337584
0.017607771706132362	0.1469338190649666
0.017607771706132362	0.14754098360655737
0.017607771706132362	0.14814814814814814
0.017607771706132362	0.1487553126897389
0.017607771706132362	0.1493624772313297
0.017607771706132362	0.14996964177292046
0.017607771706132362	0.15057680631451123
0.017607771706132362	0.151183970856102
0.017607771706132362	0.15179113539769276
0.017607771706132362	0.15239829993928355
0.012750455373406194	0.15300546448087432
0.012750455373406194	0.15361262902246509
0.012750455373406194	0.15421979356405585
0.012750455373406194	0.15482695810564662
0.012750455373406194	0.1554341226472374
0.010321797207043109	0.15604128718882818
0.010321797207043109	0.15664845173041894
0.010321797207043109	0.1572556162720097
0.010321797207043109	0.15786278081360047
0.010321797207043109	0.15846994535519127
0.010321797207043109	0.15907710989678203
0.010321797207043109	0.1596842744383728
0.010321797207043109	0.16029143897996356
0.010321797207043109	0.16089860352155433
0.010321797207043109	0.16150576806314512
0.010321797207043109	0.1621129326047359
0.010321797207043109	0.16272009714632665
0.010321797207043109	0.16332726168791742
0.010321797207043109	0.16393442622950818
0.010321797207043109	0.16454159077109898
0.010321797207043109	0.16514875531268974
0.010321797207043109	0.1657559198542805
0.010321797207043109	0.16636308439587127
0.010321797207043109	0.16697024893746204
0.010321797207043109	0.16757741347905283
0.010321797207043109	0.1681845780206436
0.010321797207043109	0.16879174256223436
0.010321797207043109	0.16939890710382513
0.010321797207043109	0.1700060716454159
0.010321797207043109	0.1706132361870067
0.010321797207043109	0.17122040072859745
0.010321797207043109	0.17182756527018822
0.010321797207043109	0.172434729811779
0.010321797207043109	0.17304189435336975
0.010321797207043109	0.17364905889496055
0.010321797207043109	0.1742562234365513
0.010321797207043109	0.17486338797814208
0.010321797207043109	0.17547055251973284
0.010321797207043109	0.1760777170613236
0.010321797207043109	0.1766848816029144
0.010321797207043109	0.17729204614450517
0.010321797207043109	0.17789921068609593
0.010321797207043109	0.1785063752276867
0.010321797207043109	0.17911353976927746
0.010321797207043109	0.17972070431086826
0.010321797207043109	0.18032786885245902
0.010321797207043109	0.1809350333940498
0.010321797207043109	0.18154219793564055
0.010321797207043109	0.18214936247723132
0.010321797207043109	0.1827565270188221
0.010321797207043109	0.18336369156041288
0.010321797207043109	0.18397085610200364
0.010321797207043109	0.1845780206435944
0.010321797207043109	0.18518518518518517
0.010321797207043109	0.18579234972677597
0.010321797207043109	0.18639951426836673
0.010321797207043109	0.1870066788099575
0.010321797207043109	0.18761384335154827
0.010321797207043109	0.18822100789313903
0.010321797207043109	0.18882817243472982
0.010321797207043109	0.1894353369763206
0.010321797207043109	0.19004250151791136
0.010321797207043109	0.19064966605950212
0.010321797207043109	0.1912568306010929
0.009714632665452338	0.19186399514268368
0.009714632665452338	0.19247115968427445
0.009714632665452338	0.1930783242258652
0.009714632665452338	0.19368548876745598
0.009714632665452338	0.19429265330904674
0.009714632665452338	0.19489981785063754
0.009714632665452338	0.1955069823922283
0.009714632665452338	0.19611414693381907
0.009714632665452338	0.19672131147540983
0.009714632665452338	0.1973284760170006
0.009714632665452338	0.1979356405585914
0.009714632665452338	0.19854280510018216
0.009714632665452338	0.19914996964177292
0.009714632665452338	0.1997571341833637
0.009714632665452338	0.20036429872495445
0.009714632665452338	0.20097146326654525
0.009714632665452338	0.201578627808136
0.009714632665452338	0.20218579234972678
0.009714632665452338	0.20279295689131754
0.009714632665452338	0.2034001214329083
0.009714632665452338	0.2040072859744991
0.009714632665452338	0.20461445051608987
0.009714632665452338	0.20522161505768063
0.009714632665452338	0.2058287795992714
0.009714632665452338	0.20643594414086217
0.009714632665452338	0.20704310868245293
0.009714632665452338	0.20765027322404372
0.009714632665452338	0.2082574377656345
0.009714632665452338	0.20886460230722526
0.009714632665452338	0.20947176684881602
0.009714632665452338	0.2100789313904068
0.009714632665452338	0.21068609593199758
0.009714632665452338	0.21129326047358835
0.009714632665452338	0.2119004250151791
0.009714632665452338	0.21250758955676988
0.009714632665452338	0.21311475409836064
0.009714632665452338	0.21372191863995144
0.009714632665452338	0.2143290831815422
0.009714632665452338	0.21493624772313297
0.009714632665452338	0.21554341226472373
0.009714632665452338	0.2161505768063145
0.009714632665452338	0.2167577413479053
0.009714632665452338	0.21736490588949606
0.009714632665452338	0.21797207043108682
0.009714632665452338	0.2185792349726776
0.009714632665452338	0.21918639951426835
0.009714632665452338	0.21979356405585915
0.009714632665452338	0.2204007285974499
0.009714632665452338	0.22100789313904068
0.009714632665452338	0.22161505768063144
0.009714632665452338	0.2222222222222222
0.009714632665452338	0.222829386763813
0.009714632665452338	0.22343655130540377
0.009714632665452338	0.22404371584699453
0.009714632665452338	0.2246508803885853
0.009714632665452338	0.22525804493017607
0.009714632665452338	0.22586520947176686
0.006071645415907711	0.22647237401335762
0.006071645415907711	0.2270795385549484
0.006071645415907711	0.22768670309653916
0.006071645415907711	0.22829386763812992
0.006071645415907711	0.22890103217972071
0.006071645415907711	0.22950819672131148
0.006071645415907711	0.23011536126290225
0.006071645415907711	0.230722525804493
0.006071645415907711	0.23132969034608378
0.006071645415907711	0.23193685488767457
0.006071645415907711	0.23254401942926534
0.006071645415907711	0.2331511839708561
0.006071645415907711	0.23375834851244687
0.006071645415907711	0.23436551305403763
0.006071645415907711	0.23497267759562843
0.006071645415907711	0.2355798421372192
0.006071645415907711	0.23618700667880996
0.006071645415907711	0.23679417122040072
0.006071645415907711	0.2374013357619915
0.006071645415907711	0.23800850030358228
0.006071645415907711	0.23861566484517305
0.006071645415907711	0.2392228293867638
0.006071645415907711	0.23982999392835458
0.006071645415907711	0.24043715846994534
0.006071645415907711	0.24104432301153614
0.006071645415907711	0.2416514875531269
0.006071645415907711	0.24225865209471767
0.006071645415907711	0.24286581663630843
0.006071645415907711	0.2434729811778992
0.006071645415907711	0.24408014571949
0.006071645415907711	0.24468731026108076
0.006071645415907711	0.24529447480267152
0.006071645415907711	0.2459016393442623
0.006071645415907711	0.24650880388585306
0.006071645415907711	0.24711596842744385
0.006071645415907711	0.24772313296903462
0.006071645415907711	0.24833029751062538
0.006071645415907711	0.24893746205221615
0.006071645415907711	0.2495446265938069
0.006071645415907711	0.2501517911353977
0.006071645415907711	0.25075895567698847
0.006071645415907711	0.25136612021857924
0.006071645415907711	0.25197328476017
0.006071645415907711	0.25258044930176077
0.006071645415907711	0.25318761384335153
0.006071645415907711	0.2537947783849423
0.006071645415907711	0.25440194292653306
0.006071645415907711	0.2550091074681239
0.006071645415907711	0.25561627200971465
0.006071645415907711	0.2562234365513054
0.006071645415907711	0.2568306010928962
0.006071645415907711	0.25743776563448695
0.006071645415907711	0.2580449301760777
0.006071645415907711	0.2586520947176685
0.006071645415907711	0.25925925925925924
0.006071645415907711	0.25986642380085
0.006071645415907711	0.2604735883424408
0.006071645415907711	0.2610807528840316
0.006071645415907711	0.26168791742562236
0.006071645415907711	0.26229508196721313
0.006071645415907711	0.2629022465088039
0.006071645415907711	0.26350941105039466
0.006071645415907711	0.2641165755919854
0.006071645415907711	0.2647237401335762
0.006071645415907711	0.26533090467516696
0.006071645415907711	0.2659380692167577
0.006071645415907711	0.2665452337583485
0.006071645415907711	0.2671523982999393
0.006071645415907711	0.2677595628415301
0.006071645415907711	0.26836672738312084
0.006071645415907711	0.2689738919247116
0.006071645415907711	0.26958105646630237
0.006071645415907711	0.27018822100789314
0.006071645415907711	0.2707953855494839
0.006071645415907711	0.27140255009107467
0.006071645415907711	0.27200971463266543
0.006071645415907711	0.2726168791742562
0.006071645415907711	0.273224043715847
0.006071645415907711	0.2738312082574378
0.006071645415907711	0.27443837279902855
0.006071645415907711	0.2750455373406193
0.006071645415907711	0.2756527018822101
0.006071645415907711	0.27625986642380085
0.006071645415907711	0.2768670309653916
0.006071645415907711	0.2774741955069824
0.006071645415907711	0.27808136004857315
0.006071645415907711	0.2786885245901639
0.006071645415907711	0.27929568913175473
0.006071645415907711	0.2799028536733455
0.006071645415907711	0.28051001821493626
0.006071645415907711	0.28111718275652703
0.006071645415907711	0.2817243472981178
0.006071645415907711	0.28233151183970856
0.006071645415907711	0.2829386763812993
0.006071645415907711	0.2835458409228901
0.006071645415907711	0.28415300546448086
0.006071645415907711	0.2847601700060716
0.006071645415907711	0.28536733454766244
0.006071645415907711	0.2859744990892532
0.006071645415907711	0.286581663630844
0.006071645415907711	0.28718882817243474
0.006071645415907711	0.2877959927140255
0.006071645415907711	0.28840315725561627
0.006071645415907711	0.28901032179720704
0.006071645415907711	0.2896174863387978
0.006071645415907711	0.29022465088038857
0.006071645415907711	0.29083181542197933
0.006071645415907711	0.29143897996357016
0.006071645415907711	0.2920461445051609
0.006071645415907711	0.2926533090467517
0.006071645415907711	0.29326047358834245
0.006071645415907711	0.2938676381299332
0.006071645415907711	0.294474802671524
0.006071645415907711	0.29508196721311475
0.006071645415907711	0.2956891317547055
0.006071645415907711	0.2962962962962963
0.006071645415907711	0.29690346083788705
0.006071645415907711	0.2975106253794778
0.006071645415907711	0.29811778992106863
0.006071645415907711	0.2987249544626594
0.006071645415907711	0.29933211900425016
0.006071645415907711	0.29993928354584093
0.006071645415907711	0.3005464480874317
0.006071645415907711	0.30115361262902246
0.006071645415907711	0.3017607771706132
0.006071645415907711	0.302367941712204
0.006071645415907711	0.30297510625379476
0.00546448087431694	0.3035822707953855
0.00546448087431694	0.30418943533697634
0.00546448087431694	0.3047965998785671
0.00546448087431694	0.3054037644201579
0.00546448087431694	0.30601092896174864
0.00546448087431694	0.3066180935033394
0.00546448087431694	0.30722525804493017
0.00546448087431694	0.30783242258652094
0.00546448087431694	0.3084395871281117
0.00546448087431694	0.30904675166970247
0.00546448087431694	0.30965391621129323
0.00546448087431694	0.31026108075288406
0.00546448087431694	0.3108682452944748
0.00546448087431694	0.3114754098360656
0.00546448087431694	0.31208257437765635
0.00546448087431694	0.3126897389192471
0.00546448087431694	0.3132969034608379
0.00546448087431694	0.31390406800242865
0.00546448087431694	0.3145112325440194
0.00546448087431694	0.3151183970856102
0.00546448087431694	0.31572556162720095
0.00546448087431694	0.31633272616879177
0.00546448087431694	0.31693989071038253
0.00546448087431694	0.3175470552519733
0.00546448087431694	0.31815421979356406
0.00546448087431694	0.31876138433515483
0.00546448087431694	0.3193685488767456
0.00546448087431694	0.31997571341833636
0.00546448087431694	0.3205828779599271
0.00546448087431694	0.3211900425015179
0.00546448087431694	0.32179720704310866
0.004250151791135397	0.3224043715846995
0.004250151791135397	0.32301153612629024
0.004250151791135397	0.323618700667881
0.004250151791135397	0.3242258652094718
0.004250151791135397	0.32483302975106254
0.004250151791135397	0.3254401942926533
0.004250151791135397	0.32604735883424407
0.004250151791135397	0.32665452337583484
0.004250151791135397	0.3272616879174256
0.004250151791135397	0.32786885245901637
0.004250151791135397	0.3284760170006072
0.004250151791135397	0.32908318154219796
0.004250151791135397	0.3296903460837887
0.004250151791135397	0.3302975106253795
0.004250151791135397	0.33090467516697025
0.004250151791135397	0.331511839708561
0.004250151791135397	0.3321190042501518
0.004250151791135397	0.33272616879174255
0.004250151791135397	0.3333333333333333
0.004250151791135397	0.3339404978749241
0.004250151791135397	0.3345476624165149
0.004250151791135397	0.33515482695810567
0.004250151791135397	0.33576199149969643
0.004250151791135397	0.3363691560412872
0.004250151791135397	0.33697632058287796
0.004250151791135397	0.33758348512446873
0.004250151791135397	0.3381906496660595
0.004250151791135397	0.33879781420765026
0.004250151791135397	0.339404978749241
0.004250151791135397	0.3400121432908318
0.004250151791135397	0.3406193078324226
0.004250151791135397	0.3412264723740134
0.004250151791135397	0.34183363691560414
0.004250151791135397	0.3424408014571949
0.004250151791135397	0.3430479659987857
0.004250151791135397	0.34365513054037644
0.004250151791135397	0.3442622950819672
0.004250151791135397	0.344869459623558
0.004250151791135397	0.34547662416514874
0.004250151791135397	0.3460837887067395
0.004250151791135397	0.3466909532483303
0.004250151791135397	0.3472981177899211
0.004250151791135397	0.34790528233151186
0.004250151791135397	0.3485124468731026
0.004250151791135397	0.3491196114146934
0.004250151791135397	0.34972677595628415
0.004250151791135397	0.3503339404978749
0.004250151791135397	0.3509411050394657
0.004250151791135397	0.35154826958105645
0.004250151791135397	0.3521554341226472
0.004250151791135397	0.35276259866423804
0.004250151791135397	0.3533697632058288
0.004250151791135397	0.35397692774741957
0.004250151791135397	0.35458409228901033
0.004250151791135397	0.3551912568306011
0.004250151791135397	0.35579842137219186
0.004250151791135397	0.35640558591378263
0.004250151791135397	0.3570127504553734
0.004250151791135397	0.35761991499696416
0.004250151791135397	0.3582270795385549
0.004250151791135397	0.3588342440801457
0.004250151791135397	0.3594414086217365
0.004250151791135397	0.3600485731633273
0.004250151791135397	0.36065573770491804
0.004250151791135397	0.3612629022465088
0.004250151791135397	0.3618700667880996
0.004250151791135397	0.36247723132969034
0.004250151791135397	0.3630843958712811
0.004250151791135397	0.3636915604128719
0.004250151791135397	0.36429872495446264
0.004250151791135397	0.3649058894960534
0.004250151791135397	0.3655130540376442
0.004250151791135397	0.366120218579235
0.004250151791135397	0.36672738312082576
0.004250151791135397	0.3673345476624165
0.004250151791135397	0.3679417122040073
0.004250151791135397	0.36854887674559805
0.004250151791135397	0.3691560412871888
0.004250151791135397	0.3697632058287796
0.004250151791135397	0.37037037037037035
0.0024286581663630845	0.3709775349119611
0.0024286581663630845	0.37158469945355194
0.0024286581663630845	0.3721918639951427
0.0024286581663630845	0.37279902853673347
0.0024286581663630845	0.37340619307832423
0.0024286581663630845	0.374013357619915
0.0024286581663630845	0.37462052216150576
0.0024286581663630845	0.37522768670309653
0.0024286581663630845	0.3758348512446873
0.0024286581663630845	0.37644201578627806
0.0024286581663630845	0.3770491803278688
0.0024286581663630845	0.37765634486945965
0.0024286581663630845	0.3782635094110504
0.0024286581663630845	0.3788706739526412
0.0024286581663630845	0.37947783849423194
0.0024286581663630845	0.3800850030358227
0.0024286581663630845	0.3806921675774135
0.0024286581663630845	0.38129933211900424
0.0024286581663630845	0.381906496660595
0.0024286581663630845	0.3825136612021858
0.0024286581663630845	0.38312082574377654
0.0024286581663630845	0.38372799028536736
0.0024286581663630845	0.3843351548269581
0.0024286581663630845	0.3849423193685489
0.0024286581663630845	0.38554948391013966
0.0024286581663630845	0.3861566484517304
0.0024286581663630845	0.3867638129933212
0.0024286581663630845	0.38737097753491195
0.0024286581663630845	0.3879781420765027
0.0024286581663630845	0.3885853066180935
0.0024286581663630845	0.38919247115968425
0.0024286581663630845	0.38979963570127507
0.0024286581663630845	0.39040680024286584
0.0024286581663630845	0.3910139647844566
0.0024286581663630845	0.39162112932604737
0.0024286581663630845	0.39222829386763813
0.0024286581663630845	0.3928354584092289
0.0024286581663630845	0.39344262295081966
0.0024286581663630845	0.39404978749241043
0.0024286581663630845	0.3946569520340012
0.0024286581663630845	0.39526411657559196
0.0024286581663630845	0.3958712811171828
0.0024286581663630845	0.39647844565877355
0.0024286581663630845	0.3970856102003643
0.0024286581663630845	0.3976927747419551
0.0024286581663630845	0.39829993928354585
0.0024286581663630845	0.3989071038251366
0.0024286581663630845	0.3995142683667274
0.0024286581663630845	0.40012143290831814
0.0024286581663630845	0.4007285974499089
0.0024286581663630845	0.4013357619914997
0.0024286581663630845	0.4019429265330905
0.0024286581663630845	0.40255009107468126
0.0024286581663630845	0.403157255616272
0.0024286581663630845	0.4037644201578628
0.0024286581663630845	0.40437158469945356
0.0024286581663630845	0.4049787492410443
0.0024286581663630845	0.4055859137826351
0.0024286581663630845	0.40619307832422585
0.0024286581663630845	0.4068002428658166
0.0024286581663630845	0.4074074074074074
0.0024286581663630845	0.4080145719489982
0.0024286581663630845	0.40862173649058897
0.0024286581663630845	0.40922890103217974
0.0024286581663630845	0.4098360655737705
0.0024286581663630845	0.41044323011536127
0.0024286581663630845	0.41105039465695203
0.0024286581663630845	0.4116575591985428
0.0024286581663630845	0.41226472374013357
0.0024286581663630845	0.41287188828172433
0.0024286581663630845	0.4134790528233151
0.0024286581663630845	0.41408621736490586
0.0024286581663630845	0.4146933819064967
0.0024286581663630845	0.41530054644808745
0.0024286581663630845	0.4159077109896782
0.0024286581663630845	0.416514875531269
0.0024286581663630845	0.41712204007285975
0.0024286581663630845	0.4177292046144505
0.0024286581663630845	0.4183363691560413
0.0024286581663630845	0.41894353369763204
0.0024286581663630845	0.4195506982392228
0.0024286581663630845	0.4201578627808136
0.0024286581663630845	0.4207650273224044
0.0024286581663630845	0.42137219186399516
0.0024286581663630845	0.4219793564055859
0.0024286581663630845	0.4225865209471767
0.0024286581663630845	0.42319368548876746
0.0024286581663630845	0.4238008500303582
0.0024286581663630845	0.424408014571949
0.0024286581663630845	0.42501517911353975
0.0024286581663630845	0.4256223436551305
0.0024286581663630845	0.4262295081967213
0.0024286581663630845	0.4268366727383121
0.0024286581663630845	0.42744383727990287
0.0024286581663630845	0.42805100182149364
0.0024286581663630845	0.4286581663630844
0.0024286581663630845	0.42926533090467517
0.0024286581663630845	0.42987249544626593
0.0024286581663630845	0.4304796599878567
0.0024286581663630845	0.43108682452944747
0.0024286581663630845	0.43169398907103823
0.0024286581663630845	0.432301153612629
0.0024286581663630845	0.4329083181542198
0.0024286581663630845	0.4335154826958106
0.0024286581663630845	0.43412264723740135
0.0024286581663630845	0.4347298117789921
0.0024286581663630845	0.4353369763205829
0.0024286581663630845	0.43594414086217365
0.0024286581663630845	0.4365513054037644
0.0024286581663630845	0.4371584699453552
0.0024286581663630845	0.43776563448694594
0.0024286581663630845	0.4383727990285367
0.0024286581663630845	0.43897996357012753
0.0024286581663630845	0.4395871281117183
0.0024286581663630845	0.44019429265330906
0.0024286581663630845	0.4408014571948998
0.0024286581663630845	0.4414086217364906
0.0024286581663630845	0.44201578627808136
0.0024286581663630845	0.4426229508196721
0.0024286581663630845	0.4432301153612629
0.0024286581663630845	0.44383727990285365
0.0024286581663630845	0.4444444444444444
0.0024286581663630845	0.44505160898603524
0.0024286581663630845	0.445658773527626
0.0024286581663630845	0.44626593806921677
0.0024286581663630845	0.44687310261080754
0.0024286581663630845	0.4474802671523983
0.0024286581663630845	0.44808743169398907
0.0024286581663630845	0.44869459623557983
0.0024286581663630845	0.4493017607771706
0.0024286581663630845	0.44990892531876137
0.0024286581663630845	0.45051608986035213
0.0024286581663630845	0.45112325440194295
0.0024286581663630845	0.4517304189435337
0.0024286581663630845	0.4523375834851245
0.0024286581663630845	0.45294474802671525
0.0024286581663630845	0.453551912568306
0.0024286581663630845	0.4541590771098968
0.0024286581663630845	0.45476624165148755
0.0024286581663630845	0.4553734061930783
0.0024286581663630845	0.4559805707346691
0.0024286581663630845	0.45658773527625984
0.0024286581663630845	0.45719489981785066
0.0024286581663630845	0.45780206435944143
0.0024286581663630845	0.4584092289010322
0.0024286581663630845	0.45901639344262296
0.0024286581663630845	0.4596235579842137
0.0024286581663630845	0.4602307225258045
0.0024286581663630845	0.46083788706739526
0.0024286581663630845	0.461445051608986
0.0024286581663630845	0.4620522161505768
0.0024286581663630845	0.46265938069216755
0.0024286581663630845	0.4632665452337584
0.0024286581663630845	0.46387370977534914
0.0024286581663630845	0.4644808743169399
0.0024286581663630845	0.4650880388585307
0.0024286581663630845	0.46569520340012144
0.0024286581663630845	0.4663023679417122
0.0024286581663630845	0.46690953248330297
0.0024286581663630845	0.46751669702489373
0.0024286581663630845	0.4681238615664845
0.0024286581663630845	0.46873102610807527
0.0024286581663630845	0.4693381906496661
0.0024286581663630845	0.46994535519125685
0.0024286581663630845	0.4705525197328476
0.0024286581663630845	0.4711596842744384
0.0024286581663630845	0.47176684881602915
0.0024286581663630845	0.4723740133576199
0.0024286581663630845	0.4729811778992107
0.0024286581663630845	0.47358834244080145
0.0024286581663630845	0.4741955069823922
0.0024286581663630845	0.474802671523983
0.0024286581663630845	0.47540983606557374
0.0024286581663630845	0.47601700060716456
0.0024286581663630845	0.47662416514875533
0.0024286581663630845	0.4772313296903461
0.0024286581663630845	0.47783849423193686
0.0024286581663630845	0.4784456587735276
0.0024286581663630845	0.4790528233151184
0.0024286581663630845	0.47965998785670916
0.0024286581663630845	0.4802671523982999
0.0024286581663630845	0.4808743169398907
0.0024286581663630845	0.48148148148148145
0.0024286581663630845	0.4820886460230723
0.0024286581663630845	0.48269581056466304
0.0024286581663630845	0.4833029751062538
0.0024286581663630845	0.4839101396478446
0.0024286581663630845	0.48451730418943534
0.0024286581663630845	0.4851244687310261
0.0024286581663630845	0.48573163327261687
0.0018214936247723133	0.48633879781420764
0.0018214936247723133	0.4869459623557984
0.0018214936247723133	0.48755312689738917
0.0018214936247723133	0.48816029143898
0.0018214936247723133	0.48876745598057075
0.0018214936247723133	0.4893746205221615
0.0018214936247723133	0.4899817850637523
0.0018214936247723133	0.49058894960534305
0.0018214936247723133	0.4911961141469338
0.0018214936247723133	0.4918032786885246
0.0018214936247723133	0.49241044323011535
0.0018214936247723133	0.4930176077717061
0.0018214936247723133	0.4936247723132969
0.0018214936247723133	0.4942319368548877
0.0018214936247723133	0.49483910139647846
0.0018214936247723133	0.49544626593806923
0.0018214936247723133	0.49605343047966
0.0018214936247723133	0.49666059502125076
0.0018214936247723133	0.4972677595628415
0.0018214936247723133	0.4978749241044323
0.0018214936247723133	0.49848208864602306
0.0018214936247723133	0.4990892531876138
0.0018214936247723133	0.4996964177292046
0.0018214936247723133	0.5003035822707954
0.0018214936247723133	0.5009107468123861
0.0018214936247723133	0.5015179113539769
0.0018214936247723133	0.5021250758955677
0.0018214936247723133	0.5027322404371585
0.0018214936247723133	0.5033394049787493
0.0018214936247723133	0.50394656952034
0.0018214936247723133	0.5045537340619308
0.0018214936247723133	0.5051608986035215
0.0018214936247723133	0.5057680631451124
0.0018214936247723133	0.5063752276867031
0.0018214936247723133	0.5069823922282939
0.0018214936247723133	0.5075895567698846
0.0018214936247723133	0.5081967213114754
0.0018214936247723133	0.5088038858530661
0.0018214936247723133	0.509411050394657
0.0018214936247723133	0.5100182149362478
0.0018214936247723133	0.5106253794778385
0.0018214936247723133	0.5112325440194293
0.0018214936247723133	0.51183970856102
0.0018214936247723133	0.5124468731026108
0.0018214936247723133	0.5130540376442015
0.0018214936247723133	0.5136612021857924
0.0018214936247723133	0.5142683667273831
0.0018214936247723133	0.5148755312689739
0.0018214936247723133	0.5154826958105647
0.0018214936247723133	0.5160898603521554
0.0018214936247723133	0.5166970248937462
0.0018214936247723133	0.517304189435337
0.0018214936247723133	0.5179113539769278
0.0018214936247723133	0.5185185185185185
0.0018214936247723133	0.5191256830601093
0.0018214936247723133	0.5197328476017
0.0018214936247723133	0.5203400121432908
0.0018214936247723133	0.5209471766848816
0.0018214936247723133	0.5215543412264724
0.0018214936247723133	0.5221615057680632
0.0018214936247723133	0.5227686703096539
0.0018214936247723133	0.5233758348512447
0.0018214936247723133	0.5239829993928354
0.0018214936247723133	0.5245901639344263
0.0018214936247723133	0.525197328476017
0.0018214936247723133	0.5258044930176078
0.0018214936247723133	0.5264116575591985
0.0018214936247723133	0.5270188221007893
0.0018214936247723133	0.5276259866423801
0.0018214936247723133	0.5282331511839709
0.0018214936247723133	0.5288403157255617
0.0018214936247723133	0.5294474802671524
0.0018214936247723133	0.5300546448087432
0.0018214936247723133	0.5306618093503339
0.0018214936247723133	0.5312689738919247
0.0018214936247723133	0.5318761384335154
0.0018214936247723133	0.5324833029751063
0.0018214936247723133	0.533090467516697
0.0018214936247723133	0.5336976320582878
0.0018214936247723133	0.5343047965998786
0.0018214936247723133	0.5349119611414693
0.0018214936247723133	0.5355191256830601
0.0018214936247723133	0.5361262902246509
0.0018214936247723133	0.5367334547662417
0.0018214936247723133	0.5373406193078324
0.0018214936247723133	0.5379477838494232
0.0018214936247723133	0.5385549483910139
0.0018214936247723133	0.5391621129326047
0.0018214936247723133	0.5397692774741955
0.0018214936247723133	0.5403764420157863
0.0018214936247723133	0.5409836065573771
0.0018214936247723133	0.5415907710989678
0.0018214936247723133	0.5421979356405586
0.0018214936247723133	0.5428051001821493
0.0018214936247723133	0.5434122647237402
0.0018214936247723133	0.5440194292653309
0.0018214936247723133	0.5446265938069217
0.0018214936247723133	0.5452337583485124
0.0018214936247723133	0.5458409228901032
0.0018214936247723133	0.546448087431694
0.0012143290831815423	0.5470552519732848
0.0012143290831815423	0.5476624165148756
0.0012143290831815423	0.5482695810564663
0.0012143290831815423	0.5488767455980571
0.0012143290831815423	0.5494839101396478
0.0012143290831815423	0.5500910746812386
0.0012143290831815423	0.5506982392228293
0.0012143290831815423	0.5513054037644202
0.0012143290831815423	0.5519125683060109
0.0012143290831815423	0.5525197328476017
0.0012143290831815423	0.5531268973891925
0.0012143290831815423	0.5537340619307832
0.0012143290831815423	0.554341226472374
0.0012143290831815423	0.5549483910139648
0.0012143290831815423	0.5555555555555556
0.0012143290831815423	0.5561627200971463
0.0012143290831815423	0.5567698846387371
0.0012143290831815423	0.5573770491803278
0.0012143290831815423	0.5579842137219186
0.0012143290831815423	0.5585913782635095
0.0012143290831815423	0.5591985428051002
0.0012143290831815423	0.559805707346691
0.0012143290831815423	0.5604128718882817
0.0012143290831815423	0.5610200364298725
0.0012143290831815423	0.5616272009714632
0.0012143290831815423	0.5622343655130541
0.0012143290831815423	0.5628415300546448
0.0012143290831815423	0.5634486945962356
0.0012143290831815423	0.5640558591378263
0.0012143290831815423	0.5646630236794171
0.0012143290831815423	0.5652701882210079
0.0012143290831815423	0.5658773527625987
0.0006071645415907711	0.5664845173041895
0.0006071645415907711	0.5670916818457802
0.0006071645415907711	0.567698846387371
0.0006071645415907711	0.5683060109289617
0.0006071645415907711	0.5689131754705525
0.0006071645415907711	0.5695203400121432
0.0006071645415907711	0.5701275045537341
0.0006071645415907711	0.5707346690953249
0.0006071645415907711	0.5713418336369156
0.0006071645415907711	0.5719489981785064
0.0006071645415907711	0.5725561627200971
0.0006071645415907711	0.573163327261688
0.0006071645415907711	0.5737704918032787
0.0006071645415907711	0.5743776563448695
0.0006071645415907711	0.5749848208864602
0.0006071645415907711	0.575591985428051
0.0006071645415907711	0.5761991499696417
0.0006071645415907711	0.5768063145112325
0.0006071645415907711	0.5774134790528234
0.0006071645415907711	0.5780206435944141
0.0006071645415907711	0.5786278081360049
0.0006071645415907711	0.5792349726775956
0.0006071645415907711	0.5798421372191864
0.0006071645415907711	0.5804493017607771
0.0006071645415907711	0.581056466302368
0.0006071645415907711	0.5816636308439587
0.0006071645415907711	0.5822707953855495
0.0006071645415907711	0.5828779599271403
0.0006071645415907711	0.583485124468731
0.0006071645415907711	0.5840922890103218
0.0006071645415907711	0.5846994535519126
0.0006071645415907711	0.5853066180935034
0.0006071645415907711	0.5859137826350941
0.0006071645415907711	0.5865209471766849
0.0006071645415907711	0.5871281117182756
0.0006071645415907711	0.5877352762598664
0.0006071645415907711	0.5883424408014571
0.0006071645415907711	0.588949605343048
0.0006071645415907711	0.5895567698846388
0.0006071645415907711	0.5901639344262295
0.0006071645415907711	0.5907710989678203
0.0006071645415907711	0.591378263509411
0.0006071645415907711	0.5919854280510018
0.0006071645415907711	0.5925925925925926
0.0006071645415907711	0.5931997571341834
0.0006071645415907711	0.5938069216757741
0.0006071645415907711	0.5944140862173649
0.0006071645415907711	0.5950212507589556
0.0006071645415907711	0.5956284153005464
0.0006071645415907711	0.5962355798421373
0.0006071645415907711	0.596842744383728
0.0006071645415907711	0.5974499089253188
0.0006071645415907711	0.5980570734669095
0.0006071645415907711	0.5986642380085003
0.0006071645415907711	0.599271402550091
0.0006071645415907711	0.5998785670916819
0.0006071645415907711	0.6004857316332726
0.0006071645415907711	0.6010928961748634
0.0006071645415907711	0.6017000607164542
0.0006071645415907711	0.6023072252580449
0.0006071645415907711	0.6029143897996357
0.0006071645415907711	0.6035215543412265
0.0006071645415907711	0.6041287188828173
0.0006071645415907711	0.604735883424408
0.0006071645415907711	0.6053430479659988
0.0006071645415907711	0.6059502125075895
0.0006071645415907711	0.6065573770491803
0.0006071645415907711	0.607164541590771
0.0006071645415907711	0.6077717061323619
0.0006071645415907711	0.6083788706739527
0.0006071645415907711	0.6089860352155434
0.0006071645415907711	0.6095931997571342
0.0006071645415907711	0.6102003642987249
0.0006071645415907711	0.6108075288403157
0.0006071645415907711	0.6114146933819065
0.0006071645415907711	0.6120218579234973
0.0006071645415907711	0.612629022465088
0.0006071645415907711	0.6132361870066788
0.0006071645415907711	0.6138433515482696
0.0006071645415907711	0.6144505160898603
0.0006071645415907711	0.6150576806314512
0.0006071645415907711	0.6156648451730419
0.0006071645415907711	0.6162720097146327
0.0006071645415907711	0.6168791742562234
0.0006071645415907711	0.6174863387978142
0.0006071645415907711	0.6180935033394049
0.0006071645415907711	0.6187006678809958
0.0006071645415907711	0.6193078324225865
0.0006071645415907711	0.6199149969641773
0.0006071645415907711	0.6205221615057681
0.0006071645415907711	0.6211293260473588
0.0006071645415907711	0.6217364905889496
0.0006071645415907711	0.6223436551305404
0.0006071645415907711	0.6229508196721312
0.0006071645415907711	0.6235579842137219
0.0006071645415907711	0.6241651487553127
0.0006071645415907711	0.6247723132969034
0.0006071645415907711	0.6253794778384942
0.0006071645415907711	0.6259866423800851
0.0006071645415907711	0.6265938069216758
0.0006071645415907711	0.6272009714632666
0.0006071645415907711	0.6278081360048573
0.0006071645415907711	0.6284153005464481
0.0006071645415907711	0.6290224650880388
0.0006071645415907711	0.6296296296296297
0.0006071645415907711	0.6302367941712204
0.0006071645415907711	0.6308439587128112
0.0006071645415907711	0.6314511232544019
0.0006071645415907711	0.6320582877959927
0.0006071645415907711	0.6326654523375835
0.0006071645415907711	0.6332726168791742
0.0006071645415907711	0.6338797814207651
0.0006071645415907711	0.6344869459623558
0.0006071645415907711	0.6350941105039466
0.0006071645415907711	0.6357012750455373
0.0006071645415907711	0.6363084395871281
0.0006071645415907711	0.6369156041287188
0.0006071645415907711	0.6375227686703097
0.0006071645415907711	0.6381299332119005
0.0006071645415907711	0.6387370977534912
0.0006071645415907711	0.639344262295082
0.0006071645415907711	0.6399514268366727
0.0006071645415907711	0.6405585913782635
0.0006071645415907711	0.6411657559198543
0.0006071645415907711	0.6417729204614451
0.0006071645415907711	0.6423800850030358
0.0006071645415907711	0.6429872495446266
0.0006071645415907711	0.6435944140862173
0.0006071645415907711	0.6442015786278081
0.0006071645415907711	0.644808743169399
0.0006071645415907711	0.6454159077109897
0.0006071645415907711	0.6460230722525805
0.0006071645415907711	0.6466302367941712
0.0006071645415907711	0.647237401335762
0.0006071645415907711	0.6478445658773527
0.0006071645415907711	0.6484517304189436
0.0006071645415907711	0.6490588949605343
0.0006071645415907711	0.6496660595021251
0.0006071645415907711	0.6502732240437158
0.0006071645415907711	0.6508803885853066
0.0006071645415907711	0.6514875531268974
0.0006071645415907711	0.6520947176684881
0.0006071645415907711	0.652701882210079
0.0006071645415907711	0.6533090467516697
0.0006071645415907711	0.6539162112932605
0.0006071645415907711	0.6545233758348512
0.0006071645415907711	0.655130540376442
0.0006071645415907711	0.6557377049180327
0.0006071645415907711	0.6563448694596236
0.0006071645415907711	0.6569520340012144
0.0006071645415907711	0.6575591985428051
0.0006071645415907711	0.6581663630843959
0.0006071645415907711	0.6587735276259866
0.0006071645415907711	0.6593806921675774
0.0006071645415907711	0.6599878567091682
0.0006071645415907711	0.660595021250759
0.0006071645415907711	0.6612021857923497
0.0006071645415907711	0.6618093503339405
0.0006071645415907711	0.6624165148755312
0.0006071645415907711	0.663023679417122
0.0006071645415907711	0.6636308439587129
0.0006071645415907711	0.6642380085003036
0.0006071645415907711	0.6648451730418944
0.0006071645415907711	0.6654523375834851
0.0006071645415907711	0.6660595021250759
0.0006071645415907711	0.6666666666666666
0.0006071645415907711	0.6672738312082575
0.0006071645415907711	0.6678809957498482
0.0006071645415907711	0.668488160291439
0.0006071645415907711	0.6690953248330298
0.0006071645415907711	0.6697024893746205
0.0006071645415907711	0.6703096539162113
0.0006071645415907711	0.670916818457802
0.0006071645415907711	0.6715239829993929
0.0006071645415907711	0.6721311475409836
0.0006071645415907711	0.6727383120825744
0.0006071645415907711	0.6733454766241651
0.0006071645415907711	0.6739526411657559
0.0006071645415907711	0.6745598057073466
0.0006071645415907711	0.6751669702489375
0.0006071645415907711	0.6757741347905283
0.0006071645415907711	0.676381299332119
0.0006071645415907711	0.6769884638737098
0.0006071645415907711	0.6775956284153005
0.0006071645415907711	0.6782027929568913
0.0006071645415907711	0.678809957498482
0.0006071645415907711	0.6794171220400729
0.0006071645415907711	0.6800242865816636
0.0006071645415907711	0.6806314511232544
0.0006071645415907711	0.6812386156648452
0.0006071645415907711	0.6818457802064359
0.0006071645415907711	0.6824529447480268
0.0006071645415907711	0.6830601092896175
0.0006071645415907711	0.6836672738312083
0.0006071645415907711	0.684274438372799
0.0006071645415907711	0.6848816029143898
0.0006071645415907711	0.6854887674559805
0.0006071645415907711	0.6860959319975714
0.0006071645415907711	0.6867030965391621
0.0006071645415907711	0.6873102610807529
0.0006071645415907711	0.6879174256223437
0.0006071645415907711	0.6885245901639344
0.0006071645415907711	0.6891317547055252
0.0006071645415907711	0.689738919247116
0.0006071645415907711	0.6903460837887068
0.0006071645415907711	0.6909532483302975
0.0006071645415907711	0.6915604128718883
0.0006071645415907711	0.692167577413479
0.0006071645415907711	0.6927747419550698
0.0006071645415907711	0.6933819064966606
0.0006071645415907711	0.6939890710382514
0.0006071645415907711	0.6945962355798422
0.0006071645415907711	0.6952034001214329
0.0006071645415907711	0.6958105646630237
0.0006071645415907711	0.6964177292046144
0.0006071645415907711	0.6970248937462052
0.0006071645415907711	0.697632058287796
0.0006071645415907711	0.6982392228293868
0.0006071645415907711	0.6988463873709775
0.0006071645415907711	0.6994535519125683
0.0006071645415907711	0.7000607164541591
0.0006071645415907711	0.7006678809957498
0.0006071645415907711	0.7012750455373407
0.0006071645415907711	0.7018822100789314
0.0006071645415907711	0.7024893746205222
0.0006071645415907711	0.7030965391621129
0.0006071645415907711	0.7037037037037037
0.0006071645415907711	0.7043108682452944
0.0006071645415907711	0.7049180327868853
0.0006071645415907711	0.7055251973284761
0.0006071645415907711	0.7061323618700668
0.0006071645415907711	0.7067395264116576
0.0006071645415907711	0.7073466909532483
0.0006071645415907711	0.7079538554948391
0.0006071645415907711	0.7085610200364298
0.0006071645415907711	0.7091681845780207
0.0006071645415907711	0.7097753491196114
0.0006071645415907711	0.7103825136612022
0.0006071645415907711	0.7109896782027929
0.0006071645415907711	0.7115968427443837
0.0006071645415907711	0.7122040072859745
0.0006071645415907711	0.7128111718275653
0.0006071645415907711	0.7134183363691561
0.0006071645415907711	0.7140255009107468
0.0006071645415907711	0.7146326654523376
0.0006071645415907711	0.7152398299939283
0.0006071645415907711	0.7158469945355191
0.0006071645415907711	0.7164541590771099
0.0006071645415907711	0.7170613236187007
0.0006071645415907711	0.7176684881602914
0.0006071645415907711	0.7182756527018822
0.0006071645415907711	0.718882817243473
0.0006071645415907711	0.7194899817850637
0.0006071645415907711	0.7200971463266546
0.0006071645415907711	0.7207043108682453
0.0006071645415907711	0.7213114754098361
0.0006071645415907711	0.7219186399514268
0.0006071645415907711	0.7225258044930176
0.0006071645415907711	0.7231329690346083
0.0006071645415907711	0.7237401335761992
0.0006071645415907711	0.72434729811779
0.0006071645415907711	0.7249544626593807
0.0006071645415907711	0.7255616272009715
0.0006071645415907711	0.7261687917425622
0.0006071645415907711	0.726775956284153
0.0006071645415907711	0.7273831208257437
0.0006071645415907711	0.7279902853673346
0.0006071645415907711	0.7285974499089253
0.0006071645415907711	0.7292046144505161
0.0006071645415907711	0.7298117789921068
0.0006071645415907711	0.7304189435336976
0.0006071645415907711	0.7310261080752884
0.0006071645415907711	0.7316332726168792
0.0006071645415907711	0.73224043715847
0.0006071645415907711	0.7328476017000607
0.0006071645415907711	0.7334547662416515
0.0006071645415907711	0.7340619307832422
0.0006071645415907711	0.734669095324833
0.0006071645415907711	0.7352762598664238
0.0006071645415907711	0.7358834244080146
0.0006071645415907711	0.7364905889496054
0.0006071645415907711	0.7370977534911961
0.0006071645415907711	0.7377049180327869
0.0006071645415907711	0.7383120825743776
0.0006071645415907711	0.7389192471159685
0.0006071645415907711	0.7395264116575592
0.0006071645415907711	0.74013357619915
0.0006071645415907711	0.7407407407407407
0.0006071645415907711	0.7413479052823315
0.0006071645415907711	0.7419550698239222
0.0006071645415907711	0.742562234365513
0.0006071645415907711	0.7431693989071039
0.0006071645415907711	0.7437765634486946
0.0006071645415907711	0.7443837279902854
0.0006071645415907711	0.7449908925318761
0.0006071645415907711	0.7455980570734669
0.0006071645415907711	0.7462052216150576
0.0006071645415907711	0.7468123861566485
0.0006071645415907711	0.7474195506982392
0.0006071645415907711	0.74802671523983
0.0006071645415907711	0.7486338797814208
0.0006071645415907711	0.7492410443230115
0.0006071645415907711	0.7498482088646024
0.0006071645415907711	0.7504553734061931
0.0006071645415907711	0.7510625379477839
0.0006071645415907711	0.7516697024893746
0.0006071645415907711	0.7522768670309654
0.0006071645415907711	0.7528840315725561
0.0006071645415907711	0.7534911961141469
0.0006071645415907711	0.7540983606557377
0.0006071645415907711	0.7547055251973285
0.0006071645415907711	0.7553126897389193
0.0006071645415907711	0.75591985428051
0.0006071645415907711	0.7565270188221008
0.0006071645415907711	0.7571341833636915
0.0006071645415907711	0.7577413479052824
0.0006071645415907711	0.7583485124468731
0.0006071645415907711	0.7589556769884639
0.0006071645415907711	0.7595628415300546
0.0006071645415907711	0.7601700060716454
0.0006071645415907711	0.7607771706132362
0.0006071645415907711	0.761384335154827
0.0006071645415907711	0.7619914996964178
0.0006071645415907711	0.7625986642380085
0.0006071645415907711	0.7632058287795993
0.0006071645415907711	0.76381299332119
0.0006071645415907711	0.7644201578627808
0.0006071645415907711	0.7650273224043715
0.0006071645415907711	0.7656344869459624
0.0006071645415907711	0.7662416514875531
0.0006071645415907711	0.7668488160291439
0.0006071645415907711	0.7674559805707347
0.0006071645415907711	0.7680631451123254
0.0006071645415907711	0.7686703096539163
0.0006071645415907711	0.769277474195507
0.0006071645415907711	0.7698846387370978
0.0006071645415907711	0.7704918032786885
0.0006071645415907711	0.7710989678202793
0.0006071645415907711	0.77170613236187
0.0006071645415907711	0.7723132969034608
0.0006071645415907711	0.7729204614450516
0.0006071645415907711	0.7735276259866424
0.0006071645415907711	0.7741347905282332
0.0006071645415907711	0.7747419550698239
0.0006071645415907711	0.7753491196114147
0.0006071645415907711	0.7759562841530054
0.0006071645415907711	0.7765634486945963
0.0006071645415907711	0.777170613236187
0.0006071645415907711	0.7777777777777778
0.0006071645415907711	0.7783849423193685
0.0006071645415907711	0.7789921068609593
0.0006071645415907711	0.7795992714025501
0.0006071645415907711	0.7802064359441409
0.0006071645415907711	0.7808136004857317
0.0006071645415907711	0.7814207650273224
0.0006071645415907711	0.7820279295689132
0.0006071645415907711	0.7826350941105039
0.0006071645415907711	0.7832422586520947
0.0006071645415907711	0.7838494231936854
0.0006071645415907711	0.7844565877352763
0.0006071645415907711	0.785063752276867
0.0006071645415907711	0.7856709168184578
0.0006071645415907711	0.7862780813600486
0.0006071645415907711	0.7868852459016393
0.0006071645415907711	0.7874924104432302
0.0006071645415907711	0.7880995749848209
0.0006071645415907711	0.7887067395264117
0.0006071645415907711	0.7893139040680024
0.0006071645415907711	0.7899210686095932
0.0006071645415907711	0.7905282331511839
0.0006071645415907711	0.7911353976927747
0.0006071645415907711	0.7917425622343656
0.0006071645415907711	0.7923497267759563
0.0006071645415907711	0.7929568913175471
0.0006071645415907711	0.7935640558591378
0.0006071645415907711	0.7941712204007286
0.0006071645415907711	0.7947783849423193
0.0006071645415907711	0.7953855494839102
0.0006071645415907711	0.7959927140255009
0.0006071645415907711	0.7965998785670917
0.0006071645415907711	0.7972070431086824
0.0006071645415907711	0.7978142076502732
0.0006071645415907711	0.798421372191864
0.0006071645415907711	0.7990285367334548
0.0006071645415907711	0.7996357012750456
0.0006071645415907711	0.8002428658166363
0.0006071645415907711	0.8008500303582271
0.0006071645415907711	0.8014571948998178
0.0006071645415907711	0.8020643594414086
0.0006071645415907711	0.8026715239829993
0.0006071645415907711	0.8032786885245902
0.0006071645415907711	0.803885853066181
0.0006071645415907711	0.8044930176077717
0.0006071645415907711	0.8051001821493625
0.0006071645415907711	0.8057073466909532
0.0006071645415907711	0.806314511232544
0.0006071645415907711	0.8069216757741348
0.0006071645415907711	0.8075288403157256
0.0006071645415907711	0.8081360048573163
0.0006071645415907711	0.8087431693989071
0.0006071645415907711	0.8093503339404978
0.0006071645415907711	0.8099574984820886
0.0006071645415907711	0.8105646630236795
0.0006071645415907711	0.8111718275652702
0.0006071645415907711	0.811778992106861
0.0006071645415907711	0.8123861566484517
0.0006071645415907711	0.8129933211900425
0.0006071645415907711	0.8136004857316332
0.0006071645415907711	0.8142076502732241
0.0006071645415907711	0.8148148148148148
0.0006071645415907711	0.8154219793564056
0.0006071645415907711	0.8160291438979964
0.0006071645415907711	0.8166363084395871
0.0006071645415907711	0.8172434729811779
0.0006071645415907711	0.8178506375227687
0.0006071645415907711	0.8184578020643595
0.0006071645415907711	0.8190649666059502
0.0006071645415907711	0.819672131147541
0.0006071645415907711	0.8202792956891317
0.0006071645415907711	0.8208864602307225
0.0006071645415907711	0.8214936247723132
0.0006071645415907711	0.8221007893139041
0.0006071645415907711	0.8227079538554949
0.0006071645415907711	0.8233151183970856
0.0006071645415907711	0.8239222829386764
0.0006071645415907711	0.8245294474802671
0.0006071645415907711	0.825136612021858
0.0006071645415907711	0.8257437765634487
0.0006071645415907711	0.8263509411050395
0.0006071645415907711	0.8269581056466302
0.0006071645415907711	0.827565270188221
0.0006071645415907711	0.8281724347298117
0.0006071645415907711	0.8287795992714025
0.0006071645415907711	0.8293867638129934
0.0006071645415907711	0.8299939283545841
0.0006071645415907711	0.8306010928961749
0.0006071645415907711	0.8312082574377656
0.0006071645415907711	0.8318154219793564
0.0006071645415907711	0.8324225865209471
0.0006071645415907711	0.833029751062538
0.0006071645415907711	0.8336369156041287
0.0006071645415907711	0.8342440801457195
0.0006071645415907711	0.8348512446873103
0.0006071645415907711	0.835458409228901
0.0006071645415907711	0.8360655737704918
0.0006071645415907711	0.8366727383120826
0.0006071645415907711	0.8372799028536734
0.0006071645415907711	0.8378870673952641
0.0006071645415907711	0.8384942319368549
0.0006071645415907711	0.8391013964784456
0.0006071645415907711	0.8397085610200364
0.0006071645415907711	0.8403157255616271
0.0006071645415907711	0.840922890103218
0.0006071645415907711	0.8415300546448088
0.0006071645415907711	0.8421372191863995
0.0006071645415907711	0.8427443837279903
0.0006071645415907711	0.843351548269581
0.0006071645415907711	0.8439587128111719
0.0006071645415907711	0.8445658773527626
0.0006071645415907711	0.8451730418943534
0.0006071645415907711	0.8457802064359441
0.0006071645415907711	0.8463873709775349
0.0006071645415907711	0.8469945355191257
0.0006071645415907711	0.8476017000607164
0.0006071645415907711	0.8482088646023073
0.0006071645415907711	0.848816029143898
0.0006071645415907711	0.8494231936854888
0.0006071645415907711	0.8500303582270795
0.0006071645415907711	0.8506375227686703
0.0006071645415907711	0.851244687310261
0.0006071645415907711	0.8518518518518519
0.0006071645415907711	0.8524590163934426
0.0006071645415907711	0.8530661809350334
0.0006071645415907711	0.8536733454766242
0.0006071645415907711	0.8542805100182149
0.0006071645415907711	0.8548876745598057
0.0006071645415907711	0.8554948391013965
0.0006071645415907711	0.8561020036429873
0.0006071645415907711	0.856709168184578
0.0006071645415907711	0.8573163327261688
0.0006071645415907711	0.8579234972677595
0.0006071645415907711	0.8585306618093503
0.0006071645415907711	0.8591378263509412
0.0006071645415907711	0.8597449908925319
0.0006071645415907711	0.8603521554341227
0.0006071645415907711	0.8609593199757134
0.0006071645415907711	0.8615664845173042
0.0006071645415907711	0.8621736490588949
0.0006071645415907711	0.8627808136004858
0.0006071645415907711	0.8633879781420765
0.0006071645415907711	0.8639951426836673
0.0006071645415907711	0.864602307225258
0.0006071645415907711	0.8652094717668488
0.0006071645415907711	0.8658166363084396
0.0006071645415907711	0.8664238008500303
0.0006071645415907711	0.8670309653916212
0.0006071645415907711	0.8676381299332119
0.0006071645415907711	0.8682452944748027
0.0006071645415907711	0.8688524590163934
0.0006071645415907711	0.8694596235579842
0.0006071645415907711	0.8700667880995749
0.0006071645415907711	0.8706739526411658
0.0006071645415907711	0.8712811171827566
0.0006071645415907711	0.8718882817243473
0.0006071645415907711	0.8724954462659381
0.0006071645415907711	0.8731026108075288
0.0006071645415907711	0.8737097753491196
0.0006071645415907711	0.8743169398907104
0.0006071645415907711	0.8749241044323012
0.0006071645415907711	0.8755312689738919
0.0006071645415907711	0.8761384335154827
0.0006071645415907711	0.8767455980570734
0.0006071645415907711	0.8773527625986642
0.0006071645415907711	0.8779599271402551
0.0006071645415907711	0.8785670916818458
0.0006071645415907711	0.8791742562234366
0.0006071645415907711	0.8797814207650273
0.0006071645415907711	0.8803885853066181
0.0006071645415907711	0.8809957498482088
0.0006071645415907711	0.8816029143897997
0.0006071645415907711	0.8822100789313904
0.0006071645415907711	0.8828172434729812
0.0006071645415907711	0.8834244080145719
0.0006071645415907711	0.8840315725561627
0.0006071645415907711	0.8846387370977535
0.0006071645415907711	0.8852459016393442
0.0006071645415907711	0.8858530661809351
0.0006071645415907711	0.8864602307225258
0.0006071645415907711	0.8870673952641166
0.0006071645415907711	0.8876745598057073
0.0006071645415907711	0.8882817243472981
0.0006071645415907711	0.8888888888888888
0.0006071645415907711	0.8894960534304797
0.0006071645415907711	0.8901032179720705
0.0006071645415907711	0.8907103825136612
0.0006071645415907711	0.891317547055252
0.0006071645415907711	0.8919247115968427
0.0006071645415907711	0.8925318761384335
0.0006071645415907711	0.8931390406800243
0.0006071645415907711	0.8937462052216151
0.0006071645415907711	0.8943533697632058
0.0006071645415907711	0.8949605343047966
0.0006071645415907711	0.8955676988463873
0.0006071645415907711	0.8961748633879781
0.0006071645415907711	0.896782027929569
0.0006071645415907711	0.8973891924711597
0.0006071645415907711	0.8979963570127505
0.0006071645415907711	0.8986035215543412
0.0006071645415907711	0.899210686095932
0.0006071645415907711	0.8998178506375227
0.0006071645415907711	0.9004250151791136
0.0006071645415907711	0.9010321797207043
0.0006071645415907711	0.9016393442622951
0.0006071645415907711	0.9022465088038859
0.0006071645415907711	0.9028536733454766
0.0006071645415907711	0.9034608378870674
0.0006071645415907711	0.9040680024286581
0.0006071645415907711	0.904675166970249
0.0006071645415907711	0.9052823315118397
0.0006071645415907711	0.9058894960534305
0.0006071645415907711	0.9064966605950212
0.0006071645415907711	0.907103825136612
0.0006071645415907711	0.9077109896782027
0.0006071645415907711	0.9083181542197936
0.0006071645415907711	0.9089253187613844
0.0006071645415907711	0.9095324833029751
0.0006071645415907711	0.9101396478445659
0.0006071645415907711	0.9107468123861566
0.0006071645415907711	0.9113539769277474
0.0006071645415907711	0.9119611414693382
0.0006071645415907711	0.912568306010929
0.0006071645415907711	0.9131754705525197
0.0006071645415907711	0.9137826350941105
0.0006071645415907711	0.9143897996357013
0.0006071645415907711	0.914996964177292
0.0006071645415907711	0.9156041287188829
0.0006071645415907711	0.9162112932604736
0.0006071645415907711	0.9168184578020644
0.0006071645415907711	0.9174256223436551
0.0006071645415907711	0.9180327868852459
0.0006071645415907711	0.9186399514268366
0.0006071645415907711	0.9192471159684275
0.0006071645415907711	0.9198542805100182
0.0006071645415907711	0.920461445051609
0.0006071645415907711	0.9210686095931998
0.0006071645415907711	0.9216757741347905
0.0006071645415907711	0.9222829386763813
0.0006071645415907711	0.922890103217972
0.0006071645415907711	0.9234972677595629
0.0006071645415907711	0.9241044323011536
0.0006071645415907711	0.9247115968427444
0.0006071645415907711	0.9253187613843351
0.0006071645415907711	0.9259259259259259
0.0006071645415907711	0.9265330904675168
0.0006071645415907711	0.9271402550091075
0.0006071645415907711	0.9277474195506983
0.0006071645415907711	0.928354584092289
0.0006071645415907711	0.9289617486338798
0.0006071645415907711	0.9295689131754705
0.0006071645415907711	0.9301760777170613
0.0006071645415907711	0.930783242258652
0.0006071645415907711	0.9313904068002429
0.0006071645415907711	0.9319975713418336
0.0006071645415907711	0.9326047358834244
0.0006071645415907711	0.9332119004250152
0.0006071645415907711	0.9338190649666059
0.0006071645415907711	0.9344262295081968
0.0006071645415907711	0.9350333940497875
0.0006071645415907711	0.9356405585913783
0.0006071645415907711	0.936247723132969
0.0006071645415907711	0.9368548876745598
0.0006071645415907711	0.9374620522161505
0.0006071645415907711	0.9380692167577414
0.0006071645415907711	0.9386763812993322
0.0006071645415907711	0.9392835458409229
0.0006071645415907711	0.9398907103825137
0.0006071645415907711	0.9404978749241044
0.0006071645415907711	0.9411050394656952
0.0006071645415907711	0.941712204007286
0.0006071645415907711	0.9423193685488768
0.0006071645415907711	0.9429265330904675
0.0006071645415907711	0.9435336976320583
0.0006071645415907711	0.944140862173649
0.0006071645415907711	0.9447480267152398
0.0006071645415907711	0.9453551912568307
0.0006071645415907711	0.9459623557984214
0.0006071645415907711	0.9465695203400122
0.0006071645415907711	0.9471766848816029
0.0006071645415907711	0.9477838494231937
0.0006071645415907711	0.9483910139647844
0.0006071645415907711	0.9489981785063752
0.0006071645415907711	0.949605343047966
0.0006071645415907711	0.9502125075895568
0.0006071645415907711	0.9508196721311475
0.0006071645415907711	0.9514268366727383
0.0006071645415907711	0.9520340012143291
0.0006071645415907711	0.9526411657559198
0.0006071645415907711	0.9532483302975107
0.0006071645415907711	0.9538554948391014
0.0006071645415907711	0.9544626593806922
0.0006071645415907711	0.9550698239222829
0.0006071645415907711	0.9556769884638737
0.0006071645415907711	0.9562841530054644
0.0006071645415907711	0.9568913175470553
0.0006071645415907711	0.9574984820886461
0.0006071645415907711	0.9581056466302368
0.0006071645415907711	0.9587128111718276
0.0006071645415907711	0.9593199757134183
0.0006071645415907711	0.9599271402550091
0.0006071645415907711	0.9605343047965998
0.0006071645415907711	0.9611414693381907
0.0006071645415907711	0.9617486338797814
0.0006071645415907711	0.9623557984213722
0.0006071645415907711	0.9629629629629629
0.0006071645415907711	0.9635701275045537
0.0006071645415907711	0.9641772920461446
0.0006071645415907711	0.9647844565877353
0.0006071645415907711	0.9653916211293261
0.0006071645415907711	0.9659987856709168
0.0006071645415907711	0.9666059502125076
0.0006071645415907711	0.9672131147540983
0.0006071645415907711	0.9678202792956891
0.0006071645415907711	0.9684274438372799
0.0006071645415907711	0.9690346083788707
0.0006071645415907711	0.9696417729204615
0.0006071645415907711	0.9702489374620522
0.0006071645415907711	0.970856102003643
0.0006071645415907711	0.9714632665452337
0.0006071645415907711	0.9720704310868246
0.0006071645415907711	0.9726775956284153
0.0006071645415907711	0.9732847601700061
0.0006071645415907711	0.9738919247115968
0.0006071645415907711	0.9744990892531876
0.0006071645415907711	0.9751062537947783
0.0006071645415907711	0.9757134183363692
0.0006071645415907711	0.97632058287796
0.0006071645415907711	0.9769277474195507
0.0006071645415907711	0.9775349119611415
0.0006071645415907711	0.9781420765027322
0.0006071645415907711	0.978749241044323
0.0006071645415907711	0.9793564055859137
0.0006071645415907711	0.9799635701275046
0.0006071645415907711	0.9805707346690953
0.0006071645415907711	0.9811778992106861
0.0006071645415907711	0.9817850637522769
0.0006071645415907711	0.9823922282938676
0.0006071645415907711	0.9829993928354585
0.0006071645415907711	0.9836065573770492
0.0006071645415907711	0.98421372191864
0.0006071645415907711	0.9848208864602307
0.0006071645415907711	0.9854280510018215
0.0006071645415907711	0.9860352155434122
0.0006071645415907711	0.986642380085003
0.0006071645415907711	0.9872495446265938
0.0006071645415907711	0.9878567091681846
0.0006071645415907711	0.9884638737097754
0.0006071645415907711	0.9890710382513661
0.0006071645415907711	0.9896782027929569
0.0006071645415907711	0.9902853673345476
0.0006071645415907711	0.9908925318761385
0.0006071645415907711	0.9914996964177292
0.0006071645415907711	0.99210686095932
0.0006071645415907711	0.9927140255009107
0.0006071645415907711	0.9933211900425015
0.0006071645415907711	0.9939283545840923
0.0006071645415907711	0.994535519125683
0.0006071645415907711	0.9951426836672739
0.0006071645415907711	0.9957498482088646
0.0006071645415907711	0.9963570127504554
0.0006071645415907711	0.9969641772920461
0.0006071645415907711	0.9975713418336369
0.0006071645415907711	0.9981785063752276
0.0006071645415907711	0.9987856709168185
0.0006071645415907711	0.9993928354584092
