0.9958779884583677	0.0008244023083264633
0.9777411376751854	0.0016488046166529267
0.9604286892003298	0.00247320692497939
0.9521846661170651	0.0032976092333058533
0.9480626545754328	0.004122011541632316
0.9472382522671063	0.00494641384995878
0.9422918384171476	0.005770816158285243
0.9018961253091509	0.006595218466611707
0.8977741137675186	0.00741962077493817
0.8953009068425392	0.008244023083264633
0.8936521022258862	0.009068425391591096
0.8689200329760923	0.00989282769991756
0.8680956306677658	0.010717230008244023
0.8664468260511129	0.011541632316570486
0.854080791426216	0.01236603462489695
0.8458367683429514	0.013190436933223413
0.8458367683429514	0.014014839241549877
0.830997526793075	0.01483924154987634
0.8260511129431163	0.015663643858202802
0.8161582852431987	0.016488046166529265
0.8161582852431987	0.01731244847485573
0.798845836768343	0.018136850783182192
0.79719703215169	0.018961253091508656
0.7741137675185491	0.01978565539983512
0.7699917559769167	0.020610057708161583
0.7378400659521847	0.021434460016488046
0.7065127782357791	0.02225886232481451
0.7065127782357791	0.023083264633140973
0.7015663643858203	0.023907666941467436
0.685078318219291	0.0247320692497939
0.6842539159109645	0.025556471558120363
0.6826051112943117	0.026380873866446827
0.6826051112943117	0.02720527617477329
0.6826051112943117	0.028029678483099753
0.6826051112943117	0.028854080791426217
0.6817807089859852	0.02967848309975268
0.6809563066776587	0.030502885408079144
0.6801319043693322	0.031327287716405604
0.6685902720527618	0.03215169002473207
0.6636438582028029	0.03297609233305853
0.6628194558944766	0.033800494641384994
0.6619950535861501	0.03462489694971146
0.6586974443528442	0.03544929925803792
0.6578730420445177	0.036273701566364384
0.6570486397361912	0.03709810387469085
0.6553998351195384	0.03792250618301731
0.6553998351195384	0.038746908491343775
0.6553998351195384	0.03957131079967024
0.6553998351195384	0.0403957131079967
0.6463314097279472	0.041220115416323165
0.6455070074196207	0.04204451772464963
0.6455070074196207	0.04286892003297609
0.6265457543281121	0.043693322341302555
0.6257213520197856	0.04451772464962902
0.6166529266281946	0.04534212695795548
0.6166529266281946	0.046166529266281946
0.6141797197032152	0.04699093157460841
0.6133553173948887	0.04781533388293487
0.6133553173948887	0.048639736191261336
0.6092333058532564	0.0494641384995878
0.6084089035449299	0.05028854080791426
0.5688375927452597	0.051112943116240726
0.5688375927452597	0.05193734542456719
0.5144270403957131	0.05276174773289365
0.5144270403957131	0.05358615004122012
0.5144270403957131	0.05441055234954658
0.48392415498763397	0.055234954657873044
0.48392415498763397	0.05605935696619951
0.48392415498763397	0.05688375927452597
0.482275350370981	0.057708161582852434
0.4740313272877164	0.0585325638911789
0.4451772464962902	0.05935696619950536
0.4451772464962902	0.060181368507831824
0.42786479802143446	0.06100577081615829
0.42786479802143446	0.06183017312448475
0.42786479802143446	0.06265457543281121
0.40560593569661996	0.06347897774113767
0.40560593569661996	0.06430338004946413
0.403957131079967	0.0651277823577906
0.403957131079967	0.06595218466611706
0.3553173948887057	0.06677658697444352
0.3553173948887057	0.06760098928276999
0.3553173948887057	0.06842539159109645
0.3536685902720528	0.06924979389942292
0.34212695795548226	0.07007419620774938
0.33470733718054413	0.07089859851607584
0.3305853256389118	0.0717230008244023
0.3281121187139324	0.07254740313272877
0.32481450948062657	0.07337180544105523
0.32481450948062657	0.0741962077493817
0.32481450948062657	0.07502061005770816
0.32481450948062657	0.07584501236603462
0.3239901071723001	0.07666941467436109
0.3231657048639736	0.07749381698268755
0.3231657048639736	0.07831821929101401
0.3231657048639736	0.07914262159934048
0.32234130255564714	0.07996702390766694
0.32234130255564714	0.0807914262159934
0.32234130255564714	0.08161582852431987
0.28606760098928274	0.08244023083264633
0.27782357790601814	0.0832646331409728
0.25309150865622426	0.08408903544929926
0.24896949711459193	0.08491343775762572
0.24896949711459193	0.08573784006595218
0.24896949711459193	0.08656224237427865
0.24896949711459193	0.08738664468260511
0.24896949711459193	0.08821104699093157
0.24154987633965375	0.08903544929925804
0.24154987633965375	0.0898598516075845
0.24154987633965375	0.09068425391591096
0.24154987633965375	0.09150865622423743
0.24154987633965375	0.09233305853256389
0.21269579554822754	0.09315746084089035
0.2085737840065952	0.09398186314921682
0.2085737840065952	0.09480626545754328
0.2085737840065952	0.09563066776586975
0.2085737840065952	0.09645507007419621
0.2085737840065952	0.09727947238252267
0.2085737840065952	0.09810387469084914
0.2085737840065952	0.0989282769991756
0.2085737840065952	0.09975267930750206
0.20774938169826876	0.10057708161582853
0.20774938169826876	0.10140148392415499
0.20774938169826876	0.10222588623248145
0.20610057708161583	0.10305028854080792
0.20610057708161583	0.10387469084913438
0.20527617477328935	0.10469909315746084
0.20527617477328935	0.1055234954657873
0.20527617477328935	0.10634789777411377
0.20527617477328935	0.10717230008244023
0.2044517724649629	0.1079967023907667
0.2044517724649629	0.10882110469909316
0.2044517724649629	0.10964550700741962
0.20362737015663643	0.11046990931574609
0.20280296784830998	0.11129431162407255
0.20280296784830998	0.11211871393239901
0.20280296784830998	0.11294311624072548
0.20280296784830998	0.11376751854905194
0.20280296784830998	0.1145919208573784
0.20280296784830998	0.11541632316570487
0.18796372629843364	0.11624072547403133
0.18796372629843364	0.1170651277823578
0.18713932399010716	0.11788953009068426
0.18136850783182193	0.11871393239901072
0.18136850783182193	0.11953833470733718
0.18136850783182193	0.12036273701566365
0.17889530090684255	0.12118713932399011
0.17889530090684255	0.12201154163231658
0.17889530090684255	0.12283594394064304
0.17889530090684255	0.1236603462489695
0.17889530090684255	0.12448474855729597
0.17807089859851608	0.12530915086562242
0.17807089859851608	0.1261335531739489
0.17807089859851608	0.12695795548227534
0.17724649629018963	0.12778235779060182
0.17724649629018963	0.12860676009892827
0.17724649629018963	0.12943116240725475
0.1640560593569662	0.1302555647155812
0.1640560593569662	0.13107996702390767
0.1640560593569662	0.13190436933223412
0.15828524319868095	0.1327287716405606
0.15828524319868095	0.13355317394888705
0.15828524319868095	0.13437757625721353
0.15828524319868095	0.13520197856553998
0.14591920857378401	0.13602638087386645
0.14591920857378401	0.1368507831821929
0.14509480626545754	0.13767518549051938
0.14509480626545754	0.13849958779884583
0.14509480626545754	0.1393239901071723
0.14509480626545754	0.14014839241549876
0.14014839241549876	0.14097279472382523
0.14014839241549876	0.14179719703215168
0.14014839241549876	0.14262159934047816
0.13849958779884583	0.1434460016488046
0.13849958779884583	0.1442704039571311
0.13849958779884583	0.14509480626545754
0.13849958779884583	0.14591920857378401
0.13849958779884583	0.14674361088211046
0.13767518549051938	0.14756801319043694
0.13767518549051938	0.1483924154987634
0.09645507007419621	0.14921681780708987
0.09645507007419621	0.15004122011541632
0.09645507007419621	0.1508656224237428
0.08903544929925804	0.15169002473206925
0.07914262159934048	0.15251442704039572
0.07914262159934048	0.15333882934872217
0.07831821929101401	0.15416323165704865
0.07831821929101401	0.1549876339653751
0.07831821929101401	0.15581203627370158
0.07831821929101401	0.15663643858202803
0.07831821929101401	0.1574608408903545
0.07831821929101401	0.15828524319868095
0.07831821929101401	0.15910964550700743
0.06924979389942292	0.15993404781533388
0.06924979389942292	0.16075845012366036
0.06924979389942292	0.1615828524319868
0.06842539159109645	0.16240725474031328
0.06842539159109645	0.16323165704863973
0.06842539159109645	0.1640560593569662
0.0651277823577906	0.16488046166529266
0.060181368507831824	0.16570486397361914
0.060181368507831824	0.1665292662819456
0.05935696619950536	0.16735366859027206
0.05935696619950536	0.16817807089859851
0.05935696619950536	0.169002473206925
0.05935696619950536	0.16982687551525144
0.05935696619950536	0.17065127782357792
0.05935696619950536	0.17147568013190437
0.05935696619950536	0.17230008244023085
0.05935696619950536	0.1731244847485573
0.05935696619950536	0.17394888705688377
0.05935696619950536	0.17477328936521022
0.05935696619950536	0.1755976916735367
0.05935696619950536	0.17642209398186315
0.05935696619950536	0.17724649629018963
0.05935696619950536	0.17807089859851608
0.05935696619950536	0.17889530090684255
0.05935696619950536	0.179719703215169
0.05935696619950536	0.18054410552349548
0.05935696619950536	0.18136850783182193
0.05935696619950536	0.18219291014014838
0.05935696619950536	0.18301731244847486
0.05935696619950536	0.1838417147568013
0.05935696619950536	0.18466611706512778
0.05935696619950536	0.18549051937345423
0.05935696619950536	0.1863149216817807
0.0585325638911789	0.18713932399010716
0.0585325638911789	0.18796372629843364
0.0585325638911789	0.18878812860676009
0.0585325638911789	0.18961253091508656
0.0585325638911789	0.190436933223413
0.0585325638911789	0.1912613355317395
0.05605935696619951	0.19208573784006594
0.05605935696619951	0.19291014014839242
0.05605935696619951	0.19373454245671887
0.05605935696619951	0.19455894476504534
0.05605935696619951	0.1953833470733718
0.05605935696619951	0.19620774938169827
0.05605935696619951	0.19703215169002472
0.055234954657873044	0.1978565539983512
0.055234954657873044	0.19868095630667765
0.055234954657873044	0.19950535861500412
0.055234954657873044	0.20032976092333057
0.055234954657873044	0.20115416323165705
0.055234954657873044	0.2019785655399835
0.055234954657873044	0.20280296784830998
0.055234954657873044	0.20362737015663643
0.05441055234954658	0.2044517724649629
0.05441055234954658	0.20527617477328935
0.05441055234954658	0.20610057708161583
0.05276174773289365	0.20692497938994228
0.05276174773289365	0.20774938169826876
0.05276174773289365	0.2085737840065952
0.05276174773289365	0.20939818631492169
0.05276174773289365	0.21022258862324814
0.05276174773289365	0.2110469909315746
0.05276174773289365	0.21187139323990106
0.05276174773289365	0.21269579554822754
0.05276174773289365	0.213520197856554
0.05276174773289365	0.21434460016488047
0.05276174773289365	0.21516900247320692
0.05276174773289365	0.2159934047815334
0.05276174773289365	0.21681780708985984
0.05276174773289365	0.21764220939818632
0.05276174773289365	0.21846661170651277
0.05276174773289365	0.21929101401483925
0.05276174773289365	0.2201154163231657
0.05276174773289365	0.22093981863149217
0.05276174773289365	0.22176422093981862
0.05193734542456719	0.2225886232481451
0.051112943116240726	0.22341302555647155
0.051112943116240726	0.22423742786479803
0.051112943116240726	0.22506183017312448
0.051112943116240726	0.22588623248145095
0.051112943116240726	0.2267106347897774
0.051112943116240726	0.22753503709810388
0.051112943116240726	0.22835943940643033
0.051112943116240726	0.2291838417147568
0.051112943116240726	0.23000824402308326
0.051112943116240726	0.23083264633140974
0.051112943116240726	0.23165704863973618
0.051112943116240726	0.23248145094806266
0.051112943116240726	0.2333058532563891
0.051112943116240726	0.2341302555647156
0.051112943116240726	0.23495465787304204
0.051112943116240726	0.23577906018136852
0.051112943116240726	0.23660346248969497
0.02967848309975268	0.23742786479802144
0.02967848309975268	0.2382522671063479
0.02967848309975268	0.23907666941467437
0.02967848309975268	0.23990107172300082
0.02967848309975268	0.2407254740313273
0.02967848309975268	0.24154987633965375
0.02967848309975268	0.24237427864798022
0.02967848309975268	0.24319868095630667
0.02967848309975268	0.24402308326463315
0.02967848309975268	0.2448474855729596
0.02967848309975268	0.24567188788128608
0.02967848309975268	0.24649629018961253
0.02967848309975268	0.247320692497939
0.02967848309975268	0.24814509480626545
0.02967848309975268	0.24896949711459193
0.02967848309975268	0.24979389942291838
0.028029678483099753	0.25061830173124483
0.028029678483099753	0.2514427040395713
0.028029678483099753	0.2522671063478978
0.028029678483099753	0.25309150865622426
0.028029678483099753	0.2539159109645507
0.028029678483099753	0.25474031327287716
0.028029678483099753	0.25556471558120364
0.028029678483099753	0.2563891178895301
0.028029678483099753	0.25721352019785654
0.028029678483099753	0.258037922506183
0.028029678483099753	0.2588623248145095
0.028029678483099753	0.25968672712283597
0.028029678483099753	0.2605111294311624
0.028029678483099753	0.26133553173948887
0.028029678483099753	0.26215993404781535
0.028029678483099753	0.2629843363561418
0.028029678483099753	0.26380873866446825
0.028029678483099753	0.2646331409727947
0.028029678483099753	0.2654575432811212
0.028029678483099753	0.2662819455894477
0.028029678483099753	0.2671063478977741
0.028029678483099753	0.2679307502061006
0.028029678483099753	0.26875515251442705
0.028029678483099753	0.26957955482275353
0.028029678483099753	0.27040395713107995
0.028029678483099753	0.27122835943940643
0.028029678483099753	0.2720527617477329
0.028029678483099753	0.27287716405605933
0.028029678483099753	0.2737015663643858
0.028029678483099753	0.2745259686727123
0.028029678483099753	0.27535037098103876
0.028029678483099753	0.2761747732893652
0.028029678483099753	0.27699917559769166
0.028029678483099753	0.27782357790601814
0.028029678483099753	0.2786479802143446
0.028029678483099753	0.27947238252267104
0.028029678483099753	0.2802967848309975
0.028029678483099753	0.281121187139324
0.028029678483099753	0.28194558944765047
0.028029678483099753	0.2827699917559769
0.028029678483099753	0.28359439406430337
0.028029678483099753	0.28441879637262985
0.028029678483099753	0.2852431986809563
0.028029678483099753	0.28606760098928274
0.028029678483099753	0.2868920032976092
0.028029678483099753	0.2877164056059357
0.028029678483099753	0.2885408079142622
0.028029678483099753	0.2893652102225886
0.028029678483099753	0.2901896125309151
0.028029678483099753	0.29101401483924155
0.028029678483099753	0.29183841714756803
0.028029678483099753	0.29266281945589445
0.028029678483099753	0.29348722176422093
0.028029678483099753	0.2943116240725474
0.028029678483099753	0.2951360263808739
0.028029678483099753	0.2959604286892003
0.028029678483099753	0.2967848309975268
0.018961253091508656	0.29760923330585326
0.018961253091508656	0.29843363561417974
0.01731244847485573	0.29925803792250616
0.01731244847485573	0.30008244023083264
0.01731244847485573	0.3009068425391591
0.01731244847485573	0.3017312448474856
0.01731244847485573	0.302555647155812
0.01731244847485573	0.3033800494641385
0.01731244847485573	0.30420445177246497
0.01731244847485573	0.30502885408079145
0.01731244847485573	0.30585325638911787
0.01731244847485573	0.30667765869744434
0.01731244847485573	0.3075020610057708
0.01731244847485573	0.3083264633140973
0.01731244847485573	0.3091508656224237
0.01731244847485573	0.3099752679307502
0.01731244847485573	0.3107996702390767
0.01731244847485573	0.31162407254740315
0.01731244847485573	0.3124484748557296
0.01731244847485573	0.31327287716405605
0.01731244847485573	0.31409727947238253
0.01731244847485573	0.314921681780709
0.01731244847485573	0.31574608408903543
0.01731244847485573	0.3165704863973619
0.01731244847485573	0.3173948887056884
0.01731244847485573	0.31821929101401486
0.01731244847485573	0.3190436933223413
0.01731244847485573	0.31986809563066776
0.01731244847485573	0.32069249793899424
0.01731244847485573	0.3215169002473207
0.01731244847485573	0.32234130255564714
0.01731244847485573	0.3231657048639736
0.01731244847485573	0.3239901071723001
0.01731244847485573	0.32481450948062657
0.01731244847485573	0.325638911788953
0.01731244847485573	0.32646331409727947
0.01731244847485573	0.32728771640560594
0.01731244847485573	0.3281121187139324
0.01731244847485573	0.32893652102225884
0.01731244847485573	0.3297609233305853
0.01731244847485573	0.3305853256389118
0.01731244847485573	0.3314097279472383
0.01731244847485573	0.3322341302555647
0.01731244847485573	0.3330585325638912
0.01731244847485573	0.33388293487221765
0.01731244847485573	0.33470733718054413
0.01731244847485573	0.33553173948887055
0.01731244847485573	0.33635614179719703
0.01731244847485573	0.3371805441055235
0.01731244847485573	0.33800494641385
0.01731244847485573	0.3388293487221764
0.01731244847485573	0.3396537510305029
0.01731244847485573	0.34047815333882936
0.01731244847485573	0.34130255564715584
0.01731244847485573	0.34212695795548226
0.01731244847485573	0.34295136026380874
0.01731244847485573	0.3437757625721352
0.01731244847485573	0.3446001648804617
0.01731244847485573	0.3454245671887881
0.01731244847485573	0.3462489694971146
0.01731244847485573	0.34707337180544107
0.01731244847485573	0.34789777411376754
0.01731244847485573	0.34872217642209397
0.01731244847485573	0.34954657873042044
0.01731244847485573	0.3503709810387469
0.01731244847485573	0.3511953833470734
0.01731244847485573	0.3520197856553998
0.01731244847485573	0.3528441879637263
0.01731244847485573	0.3536685902720528
0.01731244847485573	0.35449299258037925
0.01731244847485573	0.3553173948887057
0.01731244847485573	0.35614179719703215
0.01731244847485573	0.35696619950535863
0.01731244847485573	0.3577906018136851
0.01731244847485573	0.3586150041220115
0.01731244847485573	0.359439406430338
0.01731244847485573	0.3602638087386645
0.01731244847485573	0.36108821104699096
0.01731244847485573	0.3619126133553174
0.01731244847485573	0.36273701566364386
0.01731244847485573	0.36356141797197034
0.01731244847485573	0.36438582028029676
0.01731244847485573	0.36521022258862323
0.01731244847485573	0.3660346248969497
0.01731244847485573	0.3668590272052762
0.01731244847485573	0.3676834295136026
0.01731244847485573	0.3685078318219291
0.01731244847485573	0.36933223413025557
0.01731244847485573	0.37015663643858204
0.01731244847485573	0.37098103874690846
0.01731244847485573	0.37180544105523494
0.01731244847485573	0.3726298433635614
0.01731244847485573	0.3734542456718879
0.016488046166529265	0.3742786479802143
0.016488046166529265	0.3751030502885408
0.016488046166529265	0.3759274525968673
0.016488046166529265	0.37675185490519375
0.016488046166529265	0.37757625721352017
0.009068425391591096	0.37840065952184665
0.009068425391591096	0.3792250618301731
0.009068425391591096	0.3800494641384996
0.009068425391591096	0.380873866446826
0.009068425391591096	0.3816982687551525
0.009068425391591096	0.382522671063479
0.009068425391591096	0.38334707337180546
0.009068425391591096	0.3841714756801319
0.009068425391591096	0.38499587798845836
0.009068425391591096	0.38582028029678483
0.009068425391591096	0.3866446826051113
0.009068425391591096	0.38746908491343773
0.009068425391591096	0.3882934872217642
0.009068425391591096	0.3891178895300907
0.009068425391591096	0.38994229183841717
0.009068425391591096	0.3907666941467436
0.009068425391591096	0.39159109645507006
0.009068425391591096	0.39241549876339654
0.009068425391591096	0.393239901071723
0.009068425391591096	0.39406430338004944
0.009068425391591096	0.3948887056883759
0.009068425391591096	0.3957131079967024
0.009068425391591096	0.3965375103050289
0.009068425391591096	0.3973619126133553
0.009068425391591096	0.39818631492168177
0.009068425391591096	0.39901071723000825
0.009068425391591096	0.3998351195383347
0.009068425391591096	0.40065952184666115
0.009068425391591096	0.4014839241549876
0.009068425391591096	0.4023083264633141
0.009068425391591096	0.4031327287716406
0.009068425391591096	0.403957131079967
0.009068425391591096	0.4047815333882935
0.009068425391591096	0.40560593569661996
0.009068425391591096	0.40643033800494643
0.009068425391591096	0.40725474031327286
0.009068425391591096	0.40807914262159933
0.009068425391591096	0.4089035449299258
0.009068425391591096	0.4097279472382523
0.009068425391591096	0.4105523495465787
0.009068425391591096	0.4113767518549052
0.009068425391591096	0.41220115416323166
0.009068425391591096	0.41302555647155814
0.009068425391591096	0.41384995877988456
0.009068425391591096	0.41467436108821104
0.009068425391591096	0.4154987633965375
0.009068425391591096	0.416323165704864
0.009068425391591096	0.4171475680131904
0.009068425391591096	0.4179719703215169
0.009068425391591096	0.41879637262984337
0.009068425391591096	0.41962077493816985
0.009068425391591096	0.42044517724649627
0.009068425391591096	0.42126957955482275
0.009068425391591096	0.4220939818631492
0.009068425391591096	0.4229183841714757
0.009068425391591096	0.4237427864798021
0.009068425391591096	0.4245671887881286
0.008244023083264633	0.4253915910964551
0.008244023083264633	0.42621599340478156
0.008244023083264633	0.427040395713108
0.008244023083264633	0.42786479802143446
0.008244023083264633	0.42868920032976093
0.008244023083264633	0.4295136026380874
0.008244023083264633	0.43033800494641383
0.008244023083264633	0.4311624072547403
0.008244023083264633	0.4319868095630668
0.008244023083264633	0.43281121187139326
0.008244023083264633	0.4336356141797197
0.008244023083264633	0.43446001648804616
0.008244023083264633	0.43528441879637264
0.008244023083264633	0.4361088211046991
0.008244023083264633	0.43693322341302554
0.008244023083264633	0.437757625721352
0.008244023083264633	0.4385820280296785
0.008244023083264633	0.43940643033800497
0.008244023083264633	0.4402308326463314
0.008244023083264633	0.44105523495465787
0.008244023083264633	0.44187963726298435
0.008244023083264633	0.4427040395713108
0.008244023083264633	0.44352844187963725
0.008244023083264633	0.4443528441879637
0.008244023083264633	0.4451772464962902
0.008244023083264633	0.4460016488046167
0.00741962077493817	0.4468260511129431
0.00741962077493817	0.4476504534212696
0.00741962077493817	0.44847485572959606
0.00741962077493817	0.44929925803792253
0.00741962077493817	0.45012366034624895
0.00741962077493817	0.45094806265457543
0.00741962077493817	0.4517724649629019
0.00741962077493817	0.4525968672712284
0.006595218466611707	0.4534212695795548
0.006595218466611707	0.4542456718878813
0.006595218466611707	0.45507007419620776
0.006595218466611707	0.4558944765045342
0.006595218466611707	0.45671887881286066
0.006595218466611707	0.45754328112118714
0.006595218466611707	0.4583676834295136
0.006595218466611707	0.45919208573784004
0.006595218466611707	0.4600164880461665
0.006595218466611707	0.460840890354493
0.006595218466611707	0.46166529266281947
0.006595218466611707	0.4624896949711459
0.005770816158285243	0.46331409727947237
0.005770816158285243	0.46413849958779885
0.005770816158285243	0.4649629018961253
0.005770816158285243	0.46578730420445175
0.005770816158285243	0.4666117065127782
0.005770816158285243	0.4674361088211047
0.005770816158285243	0.4682605111294312
0.005770816158285243	0.4690849134377576
0.005770816158285243	0.4699093157460841
0.005770816158285243	0.47073371805441055
0.005770816158285243	0.47155812036273703
0.005770816158285243	0.47238252267106345
0.005770816158285243	0.47320692497938993
0.005770816158285243	0.4740313272877164
0.005770816158285243	0.4748557295960429
0.005770816158285243	0.4756801319043693
0.005770816158285243	0.4765045342126958
0.005770816158285243	0.47732893652102226
0.005770816158285243	0.47815333882934874
0.005770816158285243	0.47897774113767516
0.005770816158285243	0.47980214344600164
0.005770816158285243	0.4806265457543281
0.005770816158285243	0.4814509480626546
0.005770816158285243	0.482275350370981
0.005770816158285243	0.4830997526793075
0.005770816158285243	0.48392415498763397
0.005770816158285243	0.48474855729596045
0.005770816158285243	0.48557295960428687
0.005770816158285243	0.48639736191261335
0.005770816158285243	0.4872217642209398
0.005770816158285243	0.4880461665292663
0.005770816158285243	0.4888705688375927
0.005770816158285243	0.4896949711459192
0.005770816158285243	0.4905193734542457
0.005770816158285243	0.49134377576257215
0.005770816158285243	0.4921681780708986
0.005770816158285243	0.49299258037922505
0.005770816158285243	0.49381698268755153
0.005770816158285243	0.494641384995878
0.005770816158285243	0.49546578730420443
0.005770816158285243	0.4962901896125309
0.005770816158285243	0.4971145919208574
0.005770816158285243	0.49793899422918386
0.005770816158285243	0.4987633965375103
0.005770816158285243	0.49958779884583676
0.005770816158285243	0.5004122011541632
0.005770816158285243	0.5012366034624897
0.005770816158285243	0.5020610057708161
0.005770816158285243	0.5028854080791426
0.005770816158285243	0.5037098103874691
0.005770816158285243	0.5045342126957956
0.005770816158285243	0.505358615004122
0.005770816158285243	0.5061830173124485
0.005770816158285243	0.5070074196207749
0.005770816158285243	0.5078318219291014
0.005770816158285243	0.5086562242374278
0.005770816158285243	0.5094806265457543
0.005770816158285243	0.5103050288540808
0.005770816158285243	0.5111294311624073
0.005770816158285243	0.5119538334707338
0.005770816158285243	0.5127782357790602
0.005770816158285243	0.5136026380873866
0.005770816158285243	0.5144270403957131
0.005770816158285243	0.5152514427040396
0.005770816158285243	0.516075845012366
0.005770816158285243	0.5169002473206925
0.005770816158285243	0.517724649629019
0.005770816158285243	0.5185490519373455
0.005770816158285243	0.5193734542456719
0.005770816158285243	0.5201978565539983
0.005770816158285243	0.5210222588623248
0.005770816158285243	0.5218466611706513
0.005770816158285243	0.5226710634789777
0.005770816158285243	0.5234954657873042
0.005770816158285243	0.5243198680956307
0.005770816158285243	0.5251442704039572
0.005770816158285243	0.5259686727122836
0.005770816158285243	0.52679307502061
0.005770816158285243	0.5276174773289365
0.005770816158285243	0.528441879637263
0.005770816158285243	0.5292662819455894
0.00494641384995878	0.5300906842539159
0.00494641384995878	0.5309150865622424
0.00494641384995878	0.5317394888705689
0.00494641384995878	0.5325638911788954
0.00494641384995878	0.5333882934872217
0.00494641384995878	0.5342126957955482
0.00494641384995878	0.5350370981038747
0.00494641384995878	0.5358615004122012
0.00494641384995878	0.5366859027205276
0.00494641384995878	0.5375103050288541
0.00494641384995878	0.5383347073371806
0.00494641384995878	0.5391591096455071
0.00494641384995878	0.5399835119538334
0.00494641384995878	0.5408079142621599
0.004122011541632316	0.5416323165704864
0.004122011541632316	0.5424567188788129
0.004122011541632316	0.5432811211871393
0.004122011541632316	0.5441055234954658
0.004122011541632316	0.5449299258037923
0.004122011541632316	0.5457543281121187
0.004122011541632316	0.5465787304204451
0.004122011541632316	0.5474031327287716
0.004122011541632316	0.5482275350370981
0.004122011541632316	0.5490519373454246
0.004122011541632316	0.549876339653751
0.004122011541632316	0.5507007419620775
0.004122011541632316	0.551525144270404
0.004122011541632316	0.5523495465787304
0.0032976092333058533	0.5531739488870568
0.0032976092333058533	0.5539983511953833
0.0032976092333058533	0.5548227535037098
0.0032976092333058533	0.5556471558120363
0.0032976092333058533	0.5564715581203628
0.0032976092333058533	0.5572959604286892
0.0032976092333058533	0.5581203627370157
0.0032976092333058533	0.5589447650453421
0.0032976092333058533	0.5597691673536686
0.0032976092333058533	0.560593569661995
0.0032976092333058533	0.5614179719703215
0.0032976092333058533	0.562242374278648
0.0032976092333058533	0.5630667765869745
0.0032976092333058533	0.5638911788953009
0.0032976092333058533	0.5647155812036274
0.0032976092333058533	0.5655399835119538
0.0032976092333058533	0.5663643858202803
0.0032976092333058533	0.5671887881286067
0.0032976092333058533	0.5680131904369332
0.0032976092333058533	0.5688375927452597
0.0032976092333058533	0.5696619950535862
0.0032976092333058533	0.5704863973619126
0.0032976092333058533	0.5713107996702391
0.0032976092333058533	0.5721352019785655
0.0032976092333058533	0.572959604286892
0.0032976092333058533	0.5737840065952184
0.0032976092333058533	0.5746084089035449
0.0032976092333058533	0.5754328112118714
0.0032976092333058533	0.5762572135201979
0.0032976092333058533	0.5770816158285244
0.0032976092333058533	0.5779060181368508
0.0032976092333058533	0.5787304204451772
0.0032976092333058533	0.5795548227535037
0.0032976092333058533	0.5803792250618302
0.0032976092333058533	0.5812036273701566
0.0032976092333058533	0.5820280296784831
0.0032976092333058533	0.5828524319868096
0.0032976092333058533	0.5836768342951361
0.0032976092333058533	0.5845012366034625
0.0032976092333058533	0.5853256389117889
0.0032976092333058533	0.5861500412201154
0.0032976092333058533	0.5869744435284419
0.0032976092333058533	0.5877988458367683
0.0032976092333058533	0.5886232481450948
0.0032976092333058533	0.5894476504534213
0.0032976092333058533	0.5902720527617478
0.0032976092333058533	0.5910964550700742
0.0032976092333058533	0.5919208573784006
0.0032976092333058533	0.5927452596867271
0.0032976092333058533	0.5935696619950536
0.0032976092333058533	0.59439406430338
0.0032976092333058533	0.5952184666117065
0.0032976092333058533	0.596042868920033
0.0032976092333058533	0.5968672712283595
0.0032976092333058533	0.597691673536686
0.0032976092333058533	0.5985160758450123
0.0032976092333058533	0.5993404781533388
0.0032976092333058533	0.6001648804616653
0.0032976092333058533	0.6009892827699918
0.0032976092333058533	0.6018136850783182
0.0032976092333058533	0.6026380873866447
0.0032976092333058533	0.6034624896949712
0.0032976092333058533	0.6042868920032977
0.0032976092333058533	0.605111294311624
0.0032976092333058533	0.6059356966199505
0.0032976092333058533	0.606760098928277
0.0032976092333058533	0.6075845012366035
0.0032976092333058533	0.6084089035449299
0.0032976092333058533	0.6092333058532564
0.0032976092333058533	0.6100577081615829
0.0032976092333058533	0.6108821104699094
0.0032976092333058533	0.6117065127782357
0.0032976092333058533	0.6125309150865622
0.0032976092333058533	0.6133553173948887
0.0032976092333058533	0.6141797197032152
0.0032976092333058533	0.6150041220115416
0.0032976092333058533	0.6158285243198681
0.0032976092333058533	0.6166529266281946
0.0032976092333058533	0.6174773289365211
0.0032976092333058533	0.6183017312448474
0.0032976092333058533	0.6191261335531739
0.0032976092333058533	0.6199505358615004
0.0032976092333058533	0.6207749381698269
0.0032976092333058533	0.6215993404781534
0.0032976092333058533	0.6224237427864798
0.0032976092333058533	0.6232481450948063
0.0032976092333058533	0.6240725474031328
0.0032976092333058533	0.6248969497114591
0.0032976092333058533	0.6257213520197856
0.0032976092333058533	0.6265457543281121
0.0032976092333058533	0.6273701566364386
0.0032976092333058533	0.6281945589447651
0.0032976092333058533	0.6290189612530915
0.0032976092333058533	0.629843363561418
0.0032976092333058533	0.6306677658697445
0.0032976092333058533	0.6314921681780709
0.0032976092333058533	0.6323165704863973
0.0032976092333058533	0.6331409727947238
0.0032976092333058533	0.6339653751030503
0.0032976092333058533	0.6347897774113768
0.0032976092333058533	0.6356141797197032
0.0032976092333058533	0.6364385820280297
0.0032976092333058533	0.6372629843363561
0.0032976092333058533	0.6380873866446826
0.0032976092333058533	0.638911788953009
0.0032976092333058533	0.6397361912613355
0.0032976092333058533	0.640560593569662
0.0032976092333058533	0.6413849958779885
0.0032976092333058533	0.642209398186315
0.0032976092333058533	0.6430338004946414
0.0032976092333058533	0.6438582028029678
0.0032976092333058533	0.6446826051112943
0.0032976092333058533	0.6455070074196207
0.0032976092333058533	0.6463314097279472
0.0032976092333058533	0.6471558120362737
0.0032976092333058533	0.6479802143446002
0.0032976092333058533	0.6488046166529267
0.0032976092333058533	0.6496290189612531
0.0032976092333058533	0.6504534212695795
0.0032976092333058533	0.651277823577906
0.0032976092333058533	0.6521022258862325
0.0032976092333058533	0.6529266281945589
0.0032976092333058533	0.6537510305028854
0.0032976092333058533	0.6545754328112119
0.0032976092333058533	0.6553998351195384
0.0032976092333058533	0.6562242374278648
0.0032976092333058533	0.6570486397361912
0.0032976092333058533	0.6578730420445177
0.0032976092333058533	0.6586974443528442
0.0032976092333058533	0.6595218466611706
0.0032976092333058533	0.6603462489694971
0.0032976092333058533	0.6611706512778236
0.0032976092333058533	0.6619950535861501
0.0032976092333058533	0.6628194558944766
0.00247320692497939	0.6636438582028029
0.00247320692497939	0.6644682605111294
0.00247320692497939	0.6652926628194559
0.00247320692497939	0.6661170651277823
0.00247320692497939	0.6669414674361088
0.00247320692497939	0.6677658697444353
0.00247320692497939	0.6685902720527618
0.00247320692497939	0.6694146743610883
0.00247320692497939	0.6702390766694146
0.00247320692497939	0.6710634789777411
0.00247320692497939	0.6718878812860676
0.00247320692497939	0.6727122835943941
0.00247320692497939	0.6735366859027205
0.00247320692497939	0.674361088211047
0.00247320692497939	0.6751854905193735
0.00247320692497939	0.6760098928277
0.00247320692497939	0.6768342951360263
0.00247320692497939	0.6776586974443528
0.00247320692497939	0.6784830997526793
0.00247320692497939	0.6793075020610058
0.00247320692497939	0.6801319043693322
0.00247320692497939	0.6809563066776587
0.00247320692497939	0.6817807089859852
0.00247320692497939	0.6826051112943117
0.00247320692497939	0.683429513602638
0.00247320692497939	0.6842539159109645
0.00247320692497939	0.685078318219291
0.00247320692497939	0.6859027205276175
0.00247320692497939	0.686727122835944
0.00247320692497939	0.6875515251442704
0.00247320692497939	0.6883759274525969
0.00247320692497939	0.6892003297609234
0.00247320692497939	0.6900247320692497
0.00247320692497939	0.6908491343775762
0.00247320692497939	0.6916735366859027
0.00247320692497939	0.6924979389942292
0.00247320692497939	0.6933223413025557
0.00247320692497939	0.6941467436108821
0.00247320692497939	0.6949711459192086
0.00247320692497939	0.6957955482275351
0.00247320692497939	0.6966199505358615
0.00247320692497939	0.6974443528441879
0.00247320692497939	0.6982687551525144
0.00247320692497939	0.6990931574608409
0.00247320692497939	0.6999175597691674
0.00247320692497939	0.7007419620774938
0.00247320692497939	0.7015663643858203
0.00247320692497939	0.7023907666941468
0.00247320692497939	0.7032151690024732
0.00247320692497939	0.7040395713107996
0.00247320692497939	0.7048639736191261
0.00247320692497939	0.7056883759274526
0.00247320692497939	0.7065127782357791
0.00247320692497939	0.7073371805441055
0.00247320692497939	0.708161582852432
0.00247320692497939	0.7089859851607585
0.00247320692497939	0.7098103874690849
0.00247320692497939	0.7106347897774113
0.00247320692497939	0.7114591920857378
0.00247320692497939	0.7122835943940643
0.00247320692497939	0.7131079967023908
0.00247320692497939	0.7139323990107173
0.00247320692497939	0.7147568013190437
0.00247320692497939	0.7155812036273702
0.00247320692497939	0.7164056059356966
0.00247320692497939	0.717230008244023
0.00247320692497939	0.7180544105523495
0.00247320692497939	0.718878812860676
0.00247320692497939	0.7197032151690025
0.00247320692497939	0.720527617477329
0.00247320692497939	0.7213520197856554
0.00247320692497939	0.7221764220939819
0.00247320692497939	0.7230008244023083
0.00247320692497939	0.7238252267106348
0.00247320692497939	0.7246496290189612
0.00247320692497939	0.7254740313272877
0.00247320692497939	0.7262984336356142
0.00247320692497939	0.7271228359439407
0.00247320692497939	0.7279472382522671
0.00247320692497939	0.7287716405605935
0.00247320692497939	0.72959604286892
0.00247320692497939	0.7304204451772465
0.00247320692497939	0.731244847485573
0.00247320692497939	0.7320692497938994
0.00247320692497939	0.7328936521022259
0.00247320692497939	0.7337180544105524
0.00247320692497939	0.7345424567188789
0.00247320692497939	0.7353668590272052
0.00247320692497939	0.7361912613355317
0.00247320692497939	0.7370156636438582
0.00247320692497939	0.7378400659521847
0.00247320692497939	0.7386644682605111
0.00247320692497939	0.7394888705688376
0.00247320692497939	0.7403132728771641
0.00247320692497939	0.7411376751854906
0.00247320692497939	0.7419620774938169
0.00247320692497939	0.7427864798021434
0.00247320692497939	0.7436108821104699
0.00247320692497939	0.7444352844187964
0.00247320692497939	0.7452596867271228
0.00247320692497939	0.7460840890354493
0.00247320692497939	0.7469084913437758
0.00247320692497939	0.7477328936521023
0.00247320692497939	0.7485572959604286
0.00247320692497939	0.7493816982687551
0.00247320692497939	0.7502061005770816
0.00247320692497939	0.7510305028854081
0.00247320692497939	0.7518549051937345
0.00247320692497939	0.752679307502061
0.00247320692497939	0.7535037098103875
0.00247320692497939	0.754328112118714
0.00247320692497939	0.7551525144270403
0.00247320692497939	0.7559769167353668
0.00247320692497939	0.7568013190436933
0.00247320692497939	0.7576257213520198
0.00247320692497939	0.7584501236603463
0.00247320692497939	0.7592745259686727
0.00247320692497939	0.7600989282769992
0.00247320692497939	0.7609233305853257
0.00247320692497939	0.761747732893652
0.00247320692497939	0.7625721352019785
0.00247320692497939	0.763396537510305
0.00247320692497939	0.7642209398186315
0.00247320692497939	0.765045342126958
0.00247320692497939	0.7658697444352844
0.00247320692497939	0.7666941467436109
0.00247320692497939	0.7675185490519374
0.00247320692497939	0.7683429513602638
0.00247320692497939	0.7691673536685902
0.00247320692497939	0.7699917559769167
0.00247320692497939	0.7708161582852432
0.00247320692497939	0.7716405605935697
0.00247320692497939	0.7724649629018961
0.00247320692497939	0.7732893652102226
0.00247320692497939	0.7741137675185491
0.00247320692497939	0.7749381698268755
0.00247320692497939	0.7757625721352019
0.00247320692497939	0.7765869744435284
0.00247320692497939	0.7774113767518549
0.00247320692497939	0.7782357790601814
0.00247320692497939	0.7790601813685079
0.00247320692497939	0.7798845836768343
0.00247320692497939	0.7807089859851608
0.00247320692497939	0.7815333882934872
0.00247320692497939	0.7823577906018137
0.00247320692497939	0.7831821929101401
0.0016488046166529267	0.7840065952184666
0.0016488046166529267	0.7848309975267931
0.0016488046166529267	0.7856553998351196
0.0016488046166529267	0.786479802143446
0.0016488046166529267	0.7873042044517725
0.0016488046166529267	0.7881286067600989
0.0016488046166529267	0.7889530090684254
0.0016488046166529267	0.7897774113767518
0.0016488046166529267	0.7906018136850783
0.0016488046166529267	0.7914262159934048
0.0016488046166529267	0.7922506183017313
0.0016488046166529267	0.7930750206100577
0.0016488046166529267	0.7938994229183842
0.0016488046166529267	0.7947238252267106
0.0016488046166529267	0.7955482275350371
0.0016488046166529267	0.7963726298433635
0.0016488046166529267	0.79719703215169
0.0016488046166529267	0.7980214344600165
0.0016488046166529267	0.798845836768343
0.0016488046166529267	0.7996702390766695
0.0016488046166529267	0.8004946413849959
0.0016488046166529267	0.8013190436933223
0.0016488046166529267	0.8021434460016488
0.0016488046166529267	0.8029678483099753
0.0016488046166529267	0.8037922506183017
0.0016488046166529267	0.8046166529266282
0.0016488046166529267	0.8054410552349547
0.0016488046166529267	0.8062654575432812
0.0016488046166529267	0.8070898598516076
0.0016488046166529267	0.807914262159934
0.0016488046166529267	0.8087386644682605
0.0016488046166529267	0.809563066776587
0.0016488046166529267	0.8103874690849134
0.0016488046166529267	0.8112118713932399
0.0016488046166529267	0.8120362737015664
0.0016488046166529267	0.8128606760098929
0.0016488046166529267	0.8136850783182193
0.0016488046166529267	0.8145094806265457
0.0016488046166529267	0.8153338829348722
0.0016488046166529267	0.8161582852431987
0.0016488046166529267	0.8169826875515251
0.0016488046166529267	0.8178070898598516
0.0016488046166529267	0.8186314921681781
0.0016488046166529267	0.8194558944765046
0.0016488046166529267	0.8202802967848309
0.0016488046166529267	0.8211046990931574
0.0016488046166529267	0.8219291014014839
0.0016488046166529267	0.8227535037098104
0.0016488046166529267	0.8235779060181369
0.0016488046166529267	0.8244023083264633
0.0016488046166529267	0.8252267106347898
0.0016488046166529267	0.8260511129431163
0.0016488046166529267	0.8268755152514426
0.0016488046166529267	0.8276999175597691
0.0016488046166529267	0.8285243198680956
0.0016488046166529267	0.8293487221764221
0.0016488046166529267	0.8301731244847486
0.0016488046166529267	0.830997526793075
0.0016488046166529267	0.8318219291014015
0.0016488046166529267	0.832646331409728
0.0016488046166529267	0.8334707337180544
0.0016488046166529267	0.8342951360263808
0.0016488046166529267	0.8351195383347073
0.0016488046166529267	0.8359439406430338
0.0016488046166529267	0.8367683429513603
0.0016488046166529267	0.8375927452596867
0.0016488046166529267	0.8384171475680132
0.0016488046166529267	0.8392415498763397
0.0016488046166529267	0.8400659521846661
0.0016488046166529267	0.8408903544929925
0.0016488046166529267	0.841714756801319
0.0016488046166529267	0.8425391591096455
0.0016488046166529267	0.843363561417972
0.0016488046166529267	0.8441879637262985
0.0016488046166529267	0.8450123660346249
0.0016488046166529267	0.8458367683429514
0.0016488046166529267	0.8466611706512778
0.0016488046166529267	0.8474855729596042
0.0016488046166529267	0.8483099752679307
0.0016488046166529267	0.8491343775762572
0.0016488046166529267	0.8499587798845837
0.0016488046166529267	0.8507831821929102
0.0016488046166529267	0.8516075845012366
0.0016488046166529267	0.8524319868095631
0.0016488046166529267	0.8532563891178895
0.0016488046166529267	0.854080791426216
0.0016488046166529267	0.8549051937345424
0.0016488046166529267	0.8557295960428689
0.0016488046166529267	0.8565539983511954
0.0016488046166529267	0.8573784006595219
0.0016488046166529267	0.8582028029678483
0.0016488046166529267	0.8590272052761748
0.0016488046166529267	0.8598516075845012
0.0016488046166529267	0.8606760098928277
0.0016488046166529267	0.8615004122011541
0.0016488046166529267	0.8623248145094806
0.0016488046166529267	0.8631492168178071
0.0016488046166529267	0.8639736191261336
0.0016488046166529267	0.86479802143446
0.0016488046166529267	0.8656224237427865
0.0016488046166529267	0.8664468260511129
0.0016488046166529267	0.8672712283594394
0.0016488046166529267	0.8680956306677658
0.0016488046166529267	0.8689200329760923
0.0016488046166529267	0.8697444352844188
0.0016488046166529267	0.8705688375927453
0.0016488046166529267	0.8713932399010718
0.0016488046166529267	0.8722176422093982
0.0016488046166529267	0.8730420445177246
0.0016488046166529267	0.8738664468260511
0.0016488046166529267	0.8746908491343776
0.0016488046166529267	0.875515251442704
0.0016488046166529267	0.8763396537510305
0.0016488046166529267	0.877164056059357
0.0016488046166529267	0.8779884583676835
0.0016488046166529267	0.8788128606760099
0.0016488046166529267	0.8796372629843363
0.0016488046166529267	0.8804616652926628
0.0016488046166529267	0.8812860676009893
0.0016488046166529267	0.8821104699093157
0.0016488046166529267	0.8829348722176422
0.0016488046166529267	0.8837592745259687
0.0016488046166529267	0.8845836768342952
0.0016488046166529267	0.8854080791426217
0.0016488046166529267	0.886232481450948
0.0016488046166529267	0.8870568837592745
0.0016488046166529267	0.887881286067601
0.0016488046166529267	0.8887056883759274
0.0016488046166529267	0.8895300906842539
0.0016488046166529267	0.8903544929925804
0.0016488046166529267	0.8911788953009069
0.0016488046166529267	0.8920032976092334
0.0016488046166529267	0.8928276999175597
0.0016488046166529267	0.8936521022258862
0.0016488046166529267	0.8944765045342127
0.0016488046166529267	0.8953009068425392
0.0016488046166529267	0.8961253091508656
0.0016488046166529267	0.8969497114591921
0.0016488046166529267	0.8977741137675186
0.0016488046166529267	0.8985985160758451
0.0016488046166529267	0.8994229183841714
0.0016488046166529267	0.9002473206924979
0.0016488046166529267	0.9010717230008244
0.0016488046166529267	0.9018961253091509
0.0016488046166529267	0.9027205276174773
0.0016488046166529267	0.9035449299258038
0.0016488046166529267	0.9043693322341303
0.0016488046166529267	0.9051937345424568
0.0016488046166529267	0.9060181368507831
0.0016488046166529267	0.9068425391591096
0.0016488046166529267	0.9076669414674361
0.0016488046166529267	0.9084913437757626
0.0016488046166529267	0.909315746084089
0.0016488046166529267	0.9101401483924155
0.0016488046166529267	0.910964550700742
0.0016488046166529267	0.9117889530090684
0.0016488046166529267	0.9126133553173948
0.0016488046166529267	0.9134377576257213
0.0016488046166529267	0.9142621599340478
0.0016488046166529267	0.9150865622423743
0.0016488046166529267	0.9159109645507008
0.0016488046166529267	0.9167353668590272
0.0016488046166529267	0.9175597691673537
0.0016488046166529267	0.9183841714756801
0.0016488046166529267	0.9192085737840066
0.0016488046166529267	0.920032976092333
0.0016488046166529267	0.9208573784006595
0.0016488046166529267	0.921681780708986
0.0016488046166529267	0.9225061830173125
0.0016488046166529267	0.9233305853256389
0.0016488046166529267	0.9241549876339654
0.0016488046166529267	0.9249793899422918
0.0016488046166529267	0.9258037922506183
0.0016488046166529267	0.9266281945589447
0.0016488046166529267	0.9274525968672712
0.0016488046166529267	0.9282769991755977
0.0016488046166529267	0.9291014014839242
0.0016488046166529267	0.9299258037922506
0.0016488046166529267	0.9307502061005771
0.0016488046166529267	0.9315746084089035
0.0016488046166529267	0.93239901071723
0.0016488046166529267	0.9332234130255564
0.0016488046166529267	0.9340478153338829
0.0016488046166529267	0.9348722176422094
0.0016488046166529267	0.9356966199505359
0.0016488046166529267	0.9365210222588624
0.0016488046166529267	0.9373454245671888
0.0016488046166529267	0.9381698268755152
0.0016488046166529267	0.9389942291838417
0.0016488046166529267	0.9398186314921682
0.0016488046166529267	0.9406430338004946
0.0016488046166529267	0.9414674361088211
0.0008244023083264633	0.9422918384171476
0.0008244023083264633	0.9431162407254741
0.0008244023083264633	0.9439406430338005
0.0008244023083264633	0.9447650453421269
0.0008244023083264633	0.9455894476504534
0.0008244023083264633	0.9464138499587799
0.0008244023083264633	0.9472382522671063
0.0008244023083264633	0.9480626545754328
0.0008244023083264633	0.9488870568837593
0.0008244023083264633	0.9497114591920858
0.0008244023083264633	0.9505358615004122
0.0008244023083264633	0.9513602638087386
0.0008244023083264633	0.9521846661170651
0.0008244023083264633	0.9530090684253916
0.0008244023083264633	0.953833470733718
0.0008244023083264633	0.9546578730420445
0.0008244023083264633	0.955482275350371
0.0008244023083264633	0.9563066776586975
0.0008244023083264633	0.957131079967024
0.0008244023083264633	0.9579554822753503
0.0008244023083264633	0.9587798845836768
0.0008244023083264633	0.9596042868920033
0.0008244023083264633	0.9604286892003298
0.0008244023083264633	0.9612530915086562
0.0008244023083264633	0.9620774938169827
0.0008244023083264633	0.9629018961253092
0.0008244023083264633	0.9637262984336357
0.0008244023083264633	0.964550700741962
0.0008244023083264633	0.9653751030502885
0.0008244023083264633	0.966199505358615
0.0008244023083264633	0.9670239076669415
0.0008244023083264633	0.9678483099752679
0.0008244023083264633	0.9686727122835944
0.0008244023083264633	0.9694971145919209
0.0008244023083264633	0.9703215169002474
0.0008244023083264633	0.9711459192085737
0.0008244023083264633	0.9719703215169002
0.0008244023083264633	0.9727947238252267
0.0008244023083264633	0.9736191261335532
0.0008244023083264633	0.9744435284418796
0.0008244023083264633	0.9752679307502061
0.0008244023083264633	0.9760923330585326
0.0008244023083264633	0.9769167353668591
0.0008244023083264633	0.9777411376751854
0.0008244023083264633	0.9785655399835119
0.0008244023083264633	0.9793899422918384
0.0008244023083264633	0.9802143446001649
0.0008244023083264633	0.9810387469084914
0.0008244023083264633	0.9818631492168178
0.0008244023083264633	0.9826875515251443
0.0008244023083264633	0.9835119538334708
0.0008244023083264633	0.9843363561417972
0.0008244023083264633	0.9851607584501236
0.0008244023083264633	0.9859851607584501
0.0008244023083264633	0.9868095630667766
0.0008244023083264633	0.9876339653751031
0.0008244023083264633	0.9884583676834295
0.0008244023083264633	0.989282769991756
0.0008244023083264633	0.9901071723000825
0.0008244023083264633	0.9909315746084089
0.0008244023083264633	0.9917559769167353
0.0008244023083264633	0.9925803792250618
0.0008244023083264633	0.9934047815333883
0.0008244023083264633	0.9942291838417148
0.0008244023083264633	0.9950535861500412
0.0008244023083264633	0.9958779884583677
0.0008244023083264633	0.9967023907666942
0.0008244023083264633	0.9975267930750206
0.0008244023083264633	0.998351195383347
0.0008244023083264633	0.9991755976916735
