0.9987469084913445	0.0008244023083264633
0.997345424567189	0.0016488046166529267
0.9960428689200325	0.00247320692497939
0.9945919208573782	0.0032976092333058533
0.9930420445177249	0.004122011541632316
0.9914591920857383	0.00494641384995878
0.9903215169002473	0.005770816158285243
0.9887386644682605	0.006595218466611707
0.9875680131904372	0.00741962077493817
0.9862489694971146	0.008244023083264633
0.9844682605111297	0.009068425391591096
0.9833635614179717	0.00989282769991756
0.982489694971146	0.010717230008244023
0.9812860676009896	0.011541632316570486
0.9801978565539987	0.01236603462489695
0.9788788128606761	0.013190436933223413
0.9774938169826877	0.014014839241549877
0.9756966199505358	0.01483924154987634
0.974196207749382	0.015663643858202802
0.9730420445177248	0.016488046166529265
0.9720032976092334	0.01731244847485573
0.9702061005770817	0.018136850783182192
0.9689859851607584	0.018961253091508656
0.967716405605936	0.01978565539983512
0.9665952184666119	0.020610057708161583
0.9655234954657874	0.021434460016488046
0.9645012366034627	0.02225886232481451
0.9630338004946417	0.023083264633140973
0.9617477328936522	0.023907666941467436
0.9599340478153341	0.0247320692497939
0.9577741137675188	0.025556471558120363
0.9555482275350374	0.026380873866446827
0.9544435284418796	0.02720527617477329
0.9528606760098927	0.028029678483099753
0.9515416323165706	0.028854080791426217
0.950338004946414	0.02967848309975268
0.9490519373454245	0.030502885408079144
0.9475680131904372	0.031327287716405604
0.9463808738664465	0.03215169002473207
0.9444847485572961	0.03297609233305853
0.9432151690024735	0.033800494641384994
0.9421269579554824	0.03462489694971146
0.9408244023083264	0.03544929925803792
0.9395383347073372	0.036273701566364384
0.93800494641385	0.03709810387469085
0.9367188788128606	0.03792250618301731
0.9352349546578731	0.038746908491343775
0.9340972794723825	0.03957131079967024
0.9326628194558944	0.0403957131079967
0.931129431162407	0.041220115416323165
0.9288870568837592	0.04204451772464963
0.9276504534212697	0.04286892003297609
0.9262489694971147	0.043693322341302555
0.9245012366034626	0.04451772464962902
0.9231657048639734	0.04534212695795548
0.9218136850783182	0.046166529266281946
0.9194394064303382	0.04699093157460841
0.9176916735366859	0.04781533388293487
0.9164880461665293	0.048639736191261336
0.9151525144270403	0.0494641384995878
0.9138004946413851	0.05028854080791426
0.9125309150865626	0.051112943116240726
0.9109645507007419	0.05193734542456719
0.9092662819455894	0.05276174773289365
0.9081450948062654	0.05358615004122012
0.906512778235779	0.05441055234954658
0.9053751030502886	0.055234954657873044
0.9040395713107996	0.05605935696619951
0.9025061830173121	0.05688375927452597
0.9012860676009893	0.057708161582852434
0.9000494641384996	0.0585325638911789
0.898252267106348	0.05935696619950536
0.8971640560593569	0.060181368507831824
0.8960263808738662	0.06100577081615829
0.8939653751030501	0.06183017312448475
0.8926298433635615	0.06265457543281121
0.891310799670239	0.06347897774113767
0.89040395713108	0.06430338004946413
0.8892168178070896	0.0651277823577906
0.8880296784830997	0.06595218466611706
0.8869744435284419	0.06677658697444352
0.8855399835119537	0.06760098928276999
0.8843528441879637	0.06842539159109645
0.8827040395713106	0.06924979389942292
0.8813849958779882	0.07007419620774938
0.8799340478153341	0.07089859851607584
0.8788293487221764	0.0717230008244023
0.8776916735366862	0.07254740313272877
0.8761747732893649	0.07337180544105523
0.8749051937345423	0.0741962077493817
0.8738004946413848	0.07502061005770816
0.8723660346248969	0.07584501236603462
0.8713272877164056	0.07666941467436109
0.8700247320692496	0.07749381698268755
0.8685408079142621	0.07831821929101401
0.8674361088211046	0.07914262159934048
0.8660346248969496	0.07996702390766694
0.8644352844187965	0.0807914262159934
0.863083264633141	0.08161582852431987
0.8616158285243197	0.08244023083264633
0.8598186314921682	0.0832646331409728
0.8588623248145096	0.08408903544929926
0.8569497114591921	0.08491343775762572
0.8554492992580378	0.08573784006595218
0.8543116240725473	0.08656224237427865
0.8530090684253915	0.08738664468260511
0.8512448474855729	0.08821104699093157
0.8495630667765869	0.08903544929925804
0.8468755152514426	0.0898598516075845
0.8447320692497938	0.09068425391591096
0.8434789777411378	0.09150865622423743
0.8418301731244849	0.09233305853256389
0.8405441055234953	0.09315746084089035
0.8393569661995055	0.09398186314921682
0.8375927452596866	0.09480626545754328
0.8366034624896949	0.09563066776586975
0.8349876339653752	0.09645507007419621
0.8337015663643855	0.09727947238252267
0.832052761747733	0.09810387469084914
0.8306512778235776	0.0989282769991756
0.8294311624072551	0.09975267930750206
0.8278812860676013	0.10057708161582853
0.8265127782357788	0.10140148392415499
0.8252596867271228	0.10222588623248145
0.8231162407254742	0.10305028854080792
0.8216323165704865	0.10387469084913438
0.8195053586150042	0.10469909315746084
0.8183676834295137	0.1055234954657873
0.8170486397361914	0.10634789777411377
0.8158779884583677	0.10717230008244023
0.8145424567188787	0.1079967023907667
0.8134707337180545	0.10882110469909316
0.8115251442704037	0.10964550700741962
0.8087386644682607	0.11046990931574609
0.8075680131904369	0.11129431162407255
0.8061005770816158	0.11211871393239901
0.8050288540807915	0.11294311624072548
0.8041549876339654	0.11376751854905194
0.8024237427864799	0.1145919208573784
0.8012036273701567	0.11541632316570487
0.8002802967848308	0.11624072547403133
0.7993239901071724	0.1170651277823578
0.7979884583676836	0.11788953009068426
0.7960923330585327	0.11871393239901072
0.7950041220115415	0.11953833470733718
0.7927122835943942	0.12036273701566365
0.7916075845012365	0.12118713932399011
0.78997526793075	0.12201154163231658
0.7886397361912614	0.12283594394064304
0.7870074196207753	0.1236603462489695
0.7857708161582849	0.12448474855729597
0.7838252267106344	0.12530915086562242
0.7824732069249793	0.1261335531739489
0.7813190436933222	0.12695795548227534
0.7801978565539983	0.12778235779060182
0.7791096455070072	0.12860676009892827
0.7779554822753504	0.12943116240725475
0.7768837592745261	0.1302555647155812
0.7755976916735366	0.13107996702390767
0.773932399010717	0.13190436933223412
0.7726957955482274	0.1327287716405606
0.7713272877164057	0.13355317394888705
0.7691343775762572	0.13437757625721353
0.767568013190437	0.13520197856553998
0.7664798021434457	0.13602638087386645
0.7652926628194558	0.1368507831821929
0.7639901071723	0.13767518549051938
0.7625061830173125	0.13849958779884583
0.7612366034624898	0.1393239901071723
0.7587633965375101	0.14014839241549876
0.7577741137675185	0.14097279472382523
0.7565539983511954	0.14179719703215168
0.7558615004122013	0.14262159934047816
0.7541962077493818	0.1434460016488046
0.7533223413025554	0.1442704039571311
0.7520032976092332	0.14509480626545754
0.750436933223413	0.14591920857378401
0.7488046166529265	0.14674361088211046
0.7473701566364387	0.14756801319043694
0.7459356966199503	0.1483924154987634
0.7445836768342948	0.14921681780708987
0.742984336356142	0.15004122011541632
0.7420280296784831	0.1508656224237428
0.7409892827699919	0.15169002473206925
0.7400989282769992	0.15251442704039572
0.7378730420445178	0.15333882934872217
0.7358944765045343	0.15416323165704865
0.7341632316570488	0.1549876339653751
0.7324154987633965	0.15581203627370158
0.7295465787304201	0.15663643858202803
0.727848309975268	0.1574608408903545
0.7267106347897774	0.15828524319868095
0.7240725474031325	0.15910964550700743
0.7228854080791425	0.15993404781533388
0.7215333882934875	0.16075845012366036
0.7200494641384995	0.1615828524319868
0.718565539983512	0.16240725474031328
0.7174443528441883	0.16323165704863973
0.716257213520198	0.1640560593569662
0.7150865622423741	0.16488046166529266
0.7138499587798844	0.16570486397361914
0.7128606760098929	0.1665292662819456
0.7117394888705689	0.16735366859027206
0.7105853256389116	0.16817807089859851
0.7087881286067599	0.169002473206925
0.7072052761747736	0.16982687551525144
0.7048474855729594	0.17065127782357792
0.7033800494641383	0.17147568013190437
0.7015828524319869	0.17230008244023085
0.7002638087386645	0.1731244847485573
0.6986809563066775	0.17394888705688377
0.6978070898598514	0.17477328936521022
0.6964715581203628	0.1755976916735367
0.6953833470733717	0.17642209398186315
0.6940643033800495	0.17724649629018963
0.692431986809563	0.17807089859851608
0.690997526793075	0.17889530090684255
0.6900741962077497	0.179719703215169
0.6887551525144271	0.18054410552349548
0.6875515251442704	0.18136850783182193
0.6861830173124485	0.18219291014014838
0.6848474855729596	0.18301731244847486
0.6830997526793073	0.1838417147568013
0.6818796372629841	0.18466611706512778
0.6798351195383349	0.18549051937345423
0.6785325638911789	0.1863149216817807
0.677164056059357	0.18713932399010716
0.6755647155812037	0.18796372629843364
0.6727782357790602	0.18878812860676009
0.6711624072547405	0.18961253091508656
0.669810387469085	0.190436933223413
0.6684418796372629	0.1912613355317395
0.6675185490519372	0.19208573784006594
0.6666446826051113	0.19291014014839242
0.6652102225886232	0.19373454245671887
0.6641384995877988	0.19455894476504534
0.6630173124484747	0.1953833470733718
0.6616323165704866	0.19620774938169827
0.6606430338004947	0.19703215169002472
0.6584171475680133	0.1978565539983512
0.6577081615828524	0.19868095630667765
0.6566529266281949	0.19950535861500412
0.6552019785655402	0.20032976092333057
0.6539818631492167	0.20115416323165705
0.6528936521022258	0.2019785655399835
0.6519538334707335	0.20280296784830998
0.650684253915911	0.20362737015663643
0.6493157460840889	0.2044517724649629
0.6479802143446003	0.20527617477328935
0.6469084913437758	0.20610057708161583
0.645292662819456	0.20692497938994228
0.6418796372629844	0.20774938169826876
0.6402638087386646	0.2085737840065952
0.6378565539983512	0.20939818631492169
0.6366529266281945	0.21022258862324814
0.6356801319043692	0.2110469909315746
0.6345094806265457	0.21187139323990106
0.6331904369332234	0.21269579554822754
0.6324484748557295	0.213520197856554
0.6313932399010718	0.21434460016488047
0.6305523495465787	0.21516900247320692
0.6295136026380874	0.2159934047815334
0.6270733718054411	0.21681780708985984
0.6243693322341302	0.21764220939818632
0.6232976092333058	0.21846661170651277
0.6216982687551524	0.21929101401483925
0.620741962077494	0.2201154163231657
0.6197526793075022	0.22093981863149217
0.6180049464138498	0.22176422093981862
0.6170321516900248	0.2225886232481451
0.6147403132728771	0.22341302555647155
0.6135531739488871	0.22423742786479803
0.6115251442704038	0.22506183017312448
0.6106183017312449	0.22588623248145095
0.609282769991756	0.2267106347897774
0.60760098928277	0.22753503709810388
0.6060676009892827	0.22835943940643033
0.6048474855729595	0.2291838417147568
0.6036603462489696	0.23000824402308326
0.6024072547403133	0.23083264633140974
0.601434460016488	0.23165704863973618
0.6004122011541634	0.23248145094806266
0.5995053586150039	0.2333058532563891
0.5980544105523493	0.2341302555647156
0.59681780708986	0.23495465787304204
0.5957460840890355	0.23577906018136852
0.594047815333883	0.23660346248969497
0.5931079967023908	0.23742786479802144
0.5917230008244024	0.2382522671063479
0.5905688375927451	0.23907666941467437
0.5896619950535862	0.23990107172300082
0.5888375927452597	0.2407254740313273
0.5874690849134376	0.24154987633965375
0.5859192085737839	0.24237427864798022
0.5843033800494641	0.24319868095630667
0.5832316570486397	0.24402308326463315
0.5817971970321517	0.2448474855729596
0.5801648804616655	0.24567188788128608
0.5767518549051938	0.24649629018961253
0.5758120362737017	0.247320692497939
0.5747073371805441	0.24814509480626545
0.5719703215169002	0.24896949711459193
0.5712943116240726	0.24979389942291838
0.5699587798845838	0.25061830173124483
0.5689365210222591	0.2514427040395713
0.5675845012366033	0.2522671063478978
0.5660676009892829	0.25309150865622426
0.5650618301731245	0.2539159109645507
0.5640065952184666	0.25474031327287716
0.5627370156636438	0.25556471558120364
0.5617642209398187	0.2563891178895301
0.5600164880461665	0.25721352019785654
0.5584830997526793	0.258037922506183
0.5572300082440232	0.2588623248145095
0.5560758450123661	0.25968672712283597
0.5542951360263809	0.2605111294311624
0.5534047815333881	0.26133553173948887
0.5523330585325639	0.26215993404781535
0.5505688375927453	0.2629843363561418
0.5492662819455896	0.26380873866446825
0.5476834295136027	0.2646331409727947
0.5465292662819453	0.2654575432811212
0.5457213520197857	0.2662819455894477
0.5436933223413023	0.2671063478977741
0.5415993404781535	0.2679307502061006
0.540032976092333	0.26875515251442705
0.5388953009068425	0.26957955482275353
0.5378400659521846	0.27040395713107995
0.5367353668590273	0.27122835943940643
0.535729596042869	0.2720527617477329
0.5347403132728771	0.27287716405605933
0.5337345424567187	0.2737015663643858
0.5324814509480627	0.2745259686727123
0.531244847485573	0.27535037098103876
0.5306347897774113	0.2761747732893652
0.5297114591920858	0.27699917559769166
0.5286727122835944	0.27782357790601814
0.5262819455894475	0.2786479802143446
0.5250453421269579	0.27947238252267104
0.523396537510305	0.2802967848309975
0.5224072547403132	0.281121187139324
0.5213849958779884	0.28194558944765047
0.5196702390766694	0.2827699917559769
0.5185490519373456	0.28359439406430337
0.5175927452596865	0.28441879637262985
0.5166199505358616	0.2852431986809563
0.5154163231657047	0.28606760098928274
0.5133553173948888	0.2868920032976092
0.5124649629018962	0.2877164056059357
0.5092992580379224	0.2885408079142622
0.5082769991755977	0.2893652102225886
0.5058367683429514	0.2901896125309151
0.5048309975267932	0.29101401483924155
0.5028524319868096	0.29183841714756803
0.5017312448474854	0.29266281945589445
0.5009233305853257	0.29348722176422093
0.4998516075845012	0.2943116240725474
0.4983511953833471	0.2951360263808739
0.4974443528441879	0.2959604286892003
0.4965704863973619	0.2967848309975268
0.4945424567188787	0.29760923330585326
0.492431986809563	0.29843363561417974
0.4893487221764222	0.29925803792250616
0.48834295136026384	0.30008244023083264
0.4855399835119539	0.3009068425391591
0.48367683429513614	0.3017312448474856
0.48240725474031315	0.302555647155812
0.4810057708161583	0.3033800494641385
0.47965375103050284	0.30420445177246497
0.4775597691673537	0.30502885408079145
0.47627370156636445	0.30585325638911787
0.47475680131904363	0.30667765869744434
0.47365210222588616	0.3075020610057708
0.4726298433635614	0.3083264633140973
0.4706018136850785	0.3091508656224237
0.46934872217642215	0.3099752679307502
0.4677164056059357	0.3107996702390767
0.46626545754328097	0.31162407254740315
0.46468260511129444	0.3124484748557296
0.46390766694146746	0.31327287716405605
0.4631657048639738	0.31409727947238253
0.46080791426215995	0.314921681780709
0.4589447650453421	0.31574608408903543
0.45719703215169005	0.3165704863973619
0.4558944765045343	0.3173948887056884
0.4550535861500412	0.31821929101401486
0.45391591096455064	0.3190436933223413
0.45246496290189614	0.31986809563066776
0.4510964550700741	0.32069249793899424
0.4488705688375928	0.3215169002473207
0.44743610882110474	0.32234130255564714
0.4462819455894477	0.3231657048639736
0.44501236603462485	0.3239901071723001
0.44301731244847486	0.32481450948062657
0.44163231657048635	0.325638911788953
0.4407089859851608	0.32646331409727947
0.43985160758450137	0.32728771640560594
0.4372135201978565	0.3281121187139324
0.43665292662819444	0.32893652102225884
0.4357460840890355	0.3297609233305853
0.43363561417971974	0.3305853256389118
0.43266281945589447	0.3314097279472383
0.43170651277823585	0.3322341302555647
0.4307502061005771	0.3330585325638912
0.4291343775762573	0.33388293487221765
0.4281615828524321	0.33470733718054413
0.4271228359439405	0.33553173948887055
0.4264138499587798	0.33635614179719703
0.424237427864798	0.3371805441055235
0.4224237427864797	0.33800494641385
0.4215498763396537	0.3388293487221764
0.42090684253915905	0.3396537510305029
0.4195548227535037	0.34047815333882936
0.41793899422918396	0.34130255564715584
0.4167353668590271	0.34212695795548226
0.4152844187963727	0.34295136026380874
0.4138169826875515	0.3437757625721352
0.4117559769167354	0.3446001648804617
0.4110964550700743	0.3454245671887881
0.40997526793075034	0.3462489694971146
0.4087221764220941	0.34707337180544107
0.40735366859027194	0.34789777411376754
0.4046990931574607	0.34872217642209397
0.40403957131079976	0.34954657873042044
0.4014674361088212	0.3503709810387469
0.400313272877164	0.3511953833470734
0.39925803792250625	0.3520197856553998
0.3983347073371807	0.3528441879637263
0.39737840065952185	0.3536685902720528
0.3964715581203627	0.35449299258037925
0.39551525144270416	0.3553173948887057
0.39449299258037934	0.35614179719703215
0.3936356141797197	0.35696619950535863
0.39241549876339654	0.3577906018136851
0.39114591920857367	0.3586150041220115
0.3896455070074196	0.359439406430338
0.3888046166529265	0.3602638087386645
0.38812860676009886	0.36108821104699096
0.387007419620775	0.3619126133553174
0.3860181368507831	0.36273701566364386
0.384484748557296	0.36356141797197034
0.38305028854080786	0.36438582028029676
0.38189612530915085	0.36521022258862323
0.38122011541632306	0.3660346248969497
0.3804286892003298	0.3668590272052762
0.3798351195383347	0.3676834295136026
0.379126133553174	0.3685078318219291
0.3779884583676833	0.36933223413025557
0.37668590272052754	0.37015663643858204
0.3738664468260511	0.37098103874690846
0.3729266281945589	0.37180544105523494
0.3708326463314096	0.3726298433635614
0.3696784830997526	0.3734542456718879
0.368474855729596	0.3742786479802143
0.3669579554822754	0.3751030502885408
0.3653751030502887	0.3759274525968673
0.3643198680956307	0.37675185490519375
0.36298433635614175	0.37757625721352017
0.36189612530915094	0.37840065952184665
0.3608079142621598	0.3792250618301731
0.359752679307502	0.3800494641384996
0.3590272052761747	0.380873866446826
0.35793899422918396	0.3816982687551525
0.35688375927452604	0.382522671063479
0.355482275350371	0.38334707337180546
0.3546084089035449	0.3841714756801319
0.3534542456718879	0.38499587798845836
0.35249793899422927	0.38582028029678483
0.3518219291014016	0.3866446826051113
0.3502555647155813	0.38746908491343773
0.34949711459192095	0.3882934872217642
0.3487386644682605	0.3891178895300907
0.34654575432811213	0.38994229183841717
0.3459356966199506	0.3907666941467436
0.3451112943116239	0.39159109645507006
0.34436933223413013	0.39241549876339654
0.3433140972794724	0.393239901071723
0.34092333058532565	0.39406430338004944
0.33935696619950534	0.3948887056883759
0.33864798021434467	0.3957131079967024
0.3378565539983513	0.3965375103050289
0.3369002473206926	0.3973619126133553
0.33589447650453425	0.39818631492168177
0.33515251442704036	0.39901071723000825
0.33422918384171474	0.3998351195383347
0.33317394888705687	0.40065952184666115
0.3318054410552348	0.4014839241549876
0.33053586150041214	0.4023083264633141
0.3298433635614179	0.4031327287716406
0.32817807089859846	0.403957131079967
0.32651277823577907	0.4047815333882935
0.3252596867271229	0.40560593569661996
0.3240725474031327	0.40643033800494643
0.3234789777411376	0.40725474031327286
0.32237427864798024	0.40807914262159933
0.3210057708161582	0.4089035449299258
0.31831821929101406	0.4097279472382523
0.31671887881286076	0.4105523495465787
0.31609233305853257	0.4113767518549052
0.31300906842539156	0.41220115416323166
0.3121022258862324	0.41302555647155814
0.3114756801319043	0.41384995877988456
0.30948062654575426	0.41467436108821104
0.30826051112943104	0.4154987633965375
0.3057378400659521	0.416323165704864
0.303924154987634	0.4171475680131904
0.3021434460016488	0.4179719703215169
0.30140148392415494	0.41879637262984337
0.3007584501236603	0.41962077493816985
0.3001978565539984	0.42044517724649627
0.2978895300906843	0.42126957955482275
0.29666941467436103	0.4220939818631492
0.2958615004122011	0.4229183841714757
0.29518549051937343	0.4237427864798021
0.2936026380873866	0.4245671887881286
0.2919043693322341	0.4253915910964551
0.2908985985160758	0.42621599340478156
0.28994229183841713	0.427040395713108
0.2868755152514426	0.42786479802143446
0.2862819455894476	0.42868920032976093
0.28552349546578726	0.4295136026380874
0.2843528441879637	0.43033800494641383
0.2833140972794725	0.4311624072547403
0.2827040395713109	0.4319868095630668
0.28100577081615835	0.43281121187139326
0.28031327287716407	0.4336356141797197
0.27887881286067595	0.43446001648804616
0.27807089859851614	0.43528441879637264
0.276669414674361	0.4361088211046991
0.27574608408903545	0.43693322341302554
0.27518549051937347	0.437757625721352
0.2746743610882111	0.4385820280296785
0.27388293487221765	0.43940643033800497
0.2731244847485572	0.4402308326463314
0.27175597691673536	0.44105523495465787
0.2713767518549052	0.44187963726298435
0.26979389942291837	0.4427040395713108
0.2690849134377577	0.44352844187963725
0.2680131904369333	0.4443528441879637
0.2659521846661171	0.4451772464962902
0.2639076669414675	0.4460016488046167
0.2628689200329762	0.4468260511129431
0.26230832646331415	0.4476504534212696
0.2615663643858203	0.44847485572959606
0.26084089035449304	0.44929925803792253
0.25955482275350383	0.45012366034624895
0.25889530090684254	0.45094806265457543
0.2569826875515251	0.4517724649629019
0.2565375103050288	0.4525968672712284
0.2557460840890354	0.4534212695795548
0.2542786479802143	0.4542456718878813
0.2508656224237428	0.45507007419620776
0.24982687551525146	0.4558944765045342
0.24807914262159944	0.45671887881286066
0.24712283594394066	0.45754328112118714
0.2467436108821105	0.4583676834295136
0.2461500412201154	0.45919208573784004
0.24516075845012364	0.4600164880461665
0.24356141797197034	0.460840890354493
0.24084089035449302	0.46166529266281947
0.23965375103050288	0.4624896949711459
0.23882934872217643	0.46331409727947237
0.23665292662819454	0.46413849958779885
0.2349876339653751	0.4649629018961253
0.23361912613355318	0.46578730420445175
0.2329431162407255	0.4666117065127782
0.23205276174773296	0.4674361088211047
0.23079967023907663	0.4682605111294312
0.22992580379225058	0.4690849134377576
0.2290189612530915	0.4699093157460841
0.22845836768342948	0.47073371805441055
0.22788128606760105	0.47155812036273703
0.22565539983511948	0.47238252267106345
0.22491343775762565	0.47320692497938993
0.22394064303380046	0.4740313272877164
0.22338004946413853	0.4748557295960429
0.22275350370981034	0.4756801319043693
0.22120362737015664	0.4765045342126958
0.22011541632316572	0.47732893652102226
0.21967023907666938	0.47815333882934874
0.2190766694146743	0.47897774113767516
0.21770816158285242	0.47980214344600164
0.2164550700741962	0.4806265457543281
0.215482275350371	0.4814509480626546
0.21474031327287713	0.482275350370981
0.21294311624072546	0.4830997526793075
0.21243198680956307	0.48392415498763397
0.21134377576257216	0.48474855729596045
0.21076669414674362	0.48557295960428687
0.2100741962077494	0.48639736191261335
0.20946413849958773	0.4872217642209398
0.20905193734542454	0.4880461665292663
0.20842539159109644	0.4888705688375927
0.20720527617477333	0.4896949711459192
0.20666117065127787	0.4905193734542457
0.20535861500412195	0.49134377576257215
0.20496290189612523	0.4921681780708986
0.2043693322341302	0.49299258037922505
0.2030667765869745	0.49381698268755153
0.20166529266281943	0.494641384995878
0.20023083264633143	0.49546578730420443
0.19943940643033797	0.4962901896125309
0.19874690849134377	0.4971145919208574
0.1983347073371805	0.49793899422918386
0.19784006595218465	0.4987633965375103
0.19658697444352843	0.49958779884583676
0.19543281121187142	0.5004122011541632
0.1947732893652102	0.5012366034624897
0.19408079142621598	0.5020610057708161
0.1936191261335532	0.5028854080791426
0.19292662819455894	0.5037098103874691
0.19233305853256386	0.5045342126957956
0.19173948887056877	0.505358615004122
0.19131079967023903	0.5061830173124485
0.18936521022258862	0.5070074196207749
0.188128606760099	0.5078318219291014
0.1877493816982688	0.5086562242374278
0.18306677658697446	0.5094806265457543
0.18255564715581202	0.5103050288540808
0.18184666117065132	0.5111294311624073
0.1810717230008244	0.5119538334707338
0.17958779884583678	0.5127782357790602
0.177757625721352	0.5136026380873866
0.1769661995053586	0.5144270403957131
0.17614179719703213	0.5152514427040396
0.17568013190436932	0.516075845012366
0.17488870568837594	0.5169002473206925
0.17450948062654573	0.517724649629019
0.17253091508656224	0.5185490519373455
0.1713932399010717	0.5193734542456719
0.17075020610057706	0.5201978565539983
0.17027205276174773	0.5210222588623248
0.16872217642209397	0.5218466611706513
0.16812860676009894	0.5226710634789777
0.16760098928277004	0.5234954657873042
0.1669744435284419	0.5243198680956307
0.16654575432811214	0.5251442704039572
0.16560593569662	0.5259686727122836
0.16346248969497115	0.52679307502061
0.16296784830997527	0.5276174773289365
0.16230832646331408	0.528441879637263
0.15976916735366858	0.5292662819455894
0.1585490519373454	0.5300906842539159
0.15790601813685073	0.5309150865622424
0.15742786479802143	0.5317394888705689
0.15676834295136027	0.5325638911788954
0.15614179719703214	0.5333882934872217
0.155795548227535	0.5342126957955482
0.1547073371805441	0.5350370981038747
0.15315746084089032	0.5358615004122012
0.15281121187139324	0.5366859027205276
0.15256389117889527	0.5375103050288541
0.1509645507007419	0.5383347073371806
0.15056883759274525	0.5391591096455071
0.1500247320692498	0.5399835119538334
0.148474855729596	0.5408079142621599
0.14656224237427862	0.5416323165704864
0.14610057708161578	0.5424567188788129
0.14492992580379224	0.5432811211871393
0.14403957131079972	0.5441055234954658
0.14339653751030504	0.5449299258037923
0.14272052761747736	0.5457543281121187
0.1407749381698269	0.5465787304204451
0.1403132728771641	0.5474031327287716
0.13990107172300084	0.5482275350370981
0.1386314921681781	0.5490519373454246
0.13828524319868096	0.549876339653751
0.13749381698268753	0.5507007419620775
0.13643858202802966	0.551525144270404
0.1360593569661995	0.5523495465787304
0.13558120362737014	0.5531739488870568
0.13375103050288537	0.5539983511953833
0.13335531739488865	0.5548227535037098
0.1329431162407255	0.5556471558120363
0.13002473206924978	0.5564715581203628
0.12924979389942293	0.5572959604286892
0.1263314097279472	0.5581203627370157
0.12572135201978565	0.5589447650453421
0.12527617477328937	0.5597691673536686
0.12298433635614181	0.560593569661995
0.12153338829348723	0.5614179719703215
0.12130255564715581	0.562242374278648
0.12100577081615828	0.5630667765869745
0.12054410552349544	0.5638911788953009
0.12008244023083262	0.5647155812036274
0.11957131079967022	0.5655399835119538
0.11937345424567189	0.5663643858202803
0.1178070898598516	0.5671887881286067
0.11693322341302555	0.5680131904369332
0.11574608408903543	0.5688375927452597
0.11539983511953833	0.5696619950535862
0.11495465787304202	0.5704863973619126
0.11421269579554823	0.5713107996702391
0.11381698268755151	0.5721352019785655
0.11333882934872216	0.572959604286892
0.11294311624072549	0.5737840065952184
0.11277823577906021	0.5746084089035449
0.11256389117889531	0.5754328112118714
0.11218466611706514	0.5762572135201979
0.1111459192085738	0.5770816158285244
0.10926628194558945	0.5779060181368508
0.10893652102225884	0.5787304204451772
0.10771640560593569	0.5795548227535037
0.10644682605111294	0.5803792250618302
0.10591920857378401	0.5812036273701566
0.10408903544929927	0.5820280296784831
0.10342951360263813	0.5828524319868096
0.10265457543281123	0.5836768342951361
0.10211046990931577	0.5845012366034625
0.1018961253091509	0.5853256389117889
0.10153338829348725	0.5861500412201154
0.1012860676009893	0.5869744435284419
0.10102225886232484	0.5877988458367683
0.10036273701566366	0.5886232481450948
0.09874690849134378	0.5894476504534213
0.09856553998351193	0.5902720527617478
0.09807089859851609	0.5910964550700742
0.0979719703215169	0.5919208573784006
0.09775762572135198	0.5927452596867271
0.09711459192085735	0.5935696619950536
0.09693322341302553	0.59439406430338
0.0966199505358615	0.5952184666117065
0.09581203627370156	0.596042868920033
0.09571310799670238	0.5968672712283595
0.09447650453421268	0.597691673536686
0.09370156636438581	0.5985160758450123
0.09249793899422917	0.5993404781533388
0.09231657048639738	0.6001648804616653
0.09210222588623251	0.6009892827699918
0.09182192910140148	0.6018136850783182
0.09106347897774114	0.6026380873866447
0.09065127782357792	0.6034624896949712
0.0894476504534213	0.6042868920032977
0.08896949711459193	0.605111294311624
0.08664468260511131	0.6059356966199505
0.0859851607584501	0.606760098928277
0.08575432811211871	0.6075845012366035
0.085078318219291	0.6084089035449299
0.08471558120362736	0.6092333058532564
0.08460016488046167	0.6100577081615829
0.08333058532563889	0.6108821104699094
0.08232481450948063	0.6117065127782357
0.0821434460016488	0.6125309150865622
0.08186314921681782	0.6133553173948887
0.08161582852431987	0.6141797197032152
0.07978565539983513	0.6150041220115416
0.07930750206100576	0.6158285243198681
0.0790436933223413	0.6166529266281946
0.0788128606760099	0.6174773289365211
0.07816982687551524	0.6183017312448474
0.07802143446001647	0.6191261335531739
0.07779060181368506	0.6199505358615004
0.07714756801319042	0.6207749381698269
0.07597691673536686	0.6215993404781534
0.07586150041220115	0.6224237427864798
0.07497114591920857	0.6232481450948063
0.07485572959604285	0.6240725474031328
0.07393239901071723	0.6248969497114591
0.0736356141797197	0.6257213520197856
0.07274525968672714	0.6265457543281121
0.0719373454245672	0.6273701566364386
0.07101401483924157	0.6281945589447651
0.07066776586974444	0.6290189612530915
0.07045342126957956	0.629843363561418
0.06974443528441882	0.6306677658697445
0.06943116240725476	0.6314921681780709
0.06913437757625723	0.6323165704863973
0.06859027205276176	0.6331409727947238
0.068161582852432	0.6339653751030503
0.06807914262159935	0.6347897774113768
0.06763396537510306	0.6356141797197032
0.06751854905193737	0.6364385820280297
0.06689200329760925	0.6372629843363561
0.06661170651277823	0.6380873866446826
0.06626545754328111	0.638911788953009
0.06555647155812035	0.6397361912613355
0.06423742786479802	0.640560593569662
0.06377576257213519	0.6413849958779885
0.06356141797197032	0.642209398186315
0.0631657048639736	0.6430338004946414
0.06178070898598516	0.6438582028029678
0.06087386644682605	0.6446826051112943
0.06069249793899423	0.6455070074196207
0.060577081615828525	0.6463314097279472
0.06034624896949712	0.6471558120362737
0.060032976092333074	0.6479802143446002
0.05978565539983513	0.6488046166529267
0.0591096455070074	0.6496290189612531
0.058845836768342936	0.6504534212695795
0.058746908491343765	0.651277823577906
0.05836768342951359	0.6521022258862325
0.05830173124484747	0.6529266281945589
0.0571310799670239	0.6537510305028854
0.056240725474031306	0.6545754328112119
0.05599340478153338	0.6553998351195384
0.05586150041220114	0.6562242374278648
0.055729596042868916	0.6570486397361912
0.0552679307502061	0.6578730420445177
0.05432811211871392	0.6586974443528442
0.05413025556471557	0.6595218466611706
0.05317394888705687	0.6603462489694971
0.05291014014839242	0.6611706512778236
0.05269579554822752	0.6619950535861501
0.05221764220939818	0.6628194558944766
0.051904369332234135	0.6636438582028029
0.051673536685902716	0.6644682605111294
0.05152514427040396	0.6652926628194559
0.051327287716405594	0.6661170651277823
0.05114591920857378	0.6669414674361088
0.050882110469909314	0.6677658697444353
0.050717230008244026	0.6685902720527618
0.05035449299258038	0.6694146743610883
0.04938169826875515	0.6702390766694146
0.04826051112943116	0.6710634789777411
0.04765045342126958	0.6718878812860676
0.04722176422093982	0.6727122835943941
0.04705688375927454	0.6735366859027205
0.046694146743610894	0.674361088211047
0.046479802143446006	0.6751854905193735
0.04618301731244848	0.6760098928277
0.046067600989282774	0.6768342951360263
0.045507007419620785	0.6776586974443528
0.0454080791426216	0.6784830997526793
0.04516075845012366	0.6793075020610058
0.04474855729596043	0.6801319043693322
0.043660346248969494	0.6809563066776587
0.04356141797197032	0.6817807089859852
0.04336356141797197	0.6826051112943117
0.0429843363561418	0.683429513602638
0.04272052761747733	0.6842539159109645
0.04242374278647979	0.685078318219291
0.0418136850783182	0.6859027205276175
0.0413025556471558	0.686727122835944
0.04112118713932398	0.6875515251442704
0.04051112943116241	0.6883759274525969
0.04029678483099753	0.6892003297609234
0.040247320692497944	0.6900247320692497
0.03924154987633966	0.6908491343775762
0.038878812860676015	0.6916735366859027
0.038680956306677665	0.6924979389942292
0.038301731244847495	0.6933223413025557
0.03823577906018138	0.6941467436108821
0.03792250618301732	0.6949711459192086
0.03755976916735367	0.6957955482275351
0.037510305028854087	0.6966199505358615
0.03703215169002474	0.6974443528441879
0.03627370156636439	0.6982687551525144
0.036108821104699096	0.6990931574608409
0.03523495465787305	0.6999175597691674
0.035086562242374275	0.7007419620774938
0.03475680131904369	0.7015663643858203
0.03401483924154987	0.7023907666941468
0.03389942291838417	0.7032151690024732
0.03384995877988458	0.7040395713107996
0.033800494641384994	0.7048639736191261
0.03356966199505358	0.7056883759274526
0.03330585325638911	0.7065127782357791
0.03315746084089035	0.7073371805441055
0.03271228359439406	0.708161582852432
0.032415498763396534	0.7089859851607585
0.03238252267106347	0.7098103874690849
0.03205276174773288	0.7106347897774113
0.0317724649629019	0.7114591920857378
0.03162407254740313	0.7122835943940643
0.031525144270403954	0.7131079967023908
0.0312118713932399	0.7139323990107173
0.0309315746084089	0.7147568013190437
0.030832646331409717	0.7155812036273702
0.030387469084913427	0.7164056059356966
0.030272052761747728	0.717230008244023
0.0296949711459192	0.7180544105523495
0.02957955482275349	0.718878812860676
0.029546578730420436	0.7197032151690025
0.029233305853256387	0.720527617477329
0.029183841714756794	0.7213520197856554
0.028672712283594387	0.7221764220939819
0.02830997526793074	0.7230008244023083
0.027782357790601807	0.7238252267106348
0.027782357790601807	0.7246496290189612
0.02769991755976916	0.7254740313272877
0.027502061005770812	0.7262984336356142
0.027221764220939818	0.7271228359439407
0.02713932399010717	0.7279472382522671
0.02710634789777411	0.7287716405605935
0.026990931574608412	0.72959604286892
0.026694146743610883	0.7304204451772465
0.026496290189612526	0.731244847485573
0.02644682605111294	0.7320692497938994
0.026067600989282767	0.7328936521022259
0.02595218466611706	0.7337180544105524
0.02573784006595218	0.7345424567188789
0.025375103050288533	0.7353668590272052
0.02506183017312448	0.7361912613355317
0.024616652926628194	0.7370156636438582
0.02451772464962901	0.7378400659521847
0.024418796372629833	0.7386644682605111
0.0240065952184666	0.7394888705688376
0.023808738664468247	0.7403132728771641
0.023511953833470725	0.7411376751854906
0.023446001648804612	0.7419620774938169
0.023347073371805433	0.7427864798021434
0.023297609233305844	0.7436108821104699
0.02326463314097279	0.7444352844187964
0.02319868095630667	0.7452596867271228
0.023149216817807083	0.7460840890354493
0.023000824402308315	0.7469084913437758
0.02291838417147567	0.7477328936521023
0.022687551525144265	0.7485572959604286
0.022671063478977734	0.7493816982687551
0.02248969497114591	0.7502061005770816
0.022077493816982683	0.7510305028854081
0.022011541632316566	0.7518549051937345
0.02192910140148392	0.752679307502061
0.021846661170651274	0.7535037098103875
0.021714756801319037	0.754328112118714
0.02168178070898598	0.7551525144270403
0.021566364385820273	0.7559769167353668
0.02141797197032151	0.7568013190436933
0.02138499587798845	0.7576257213520198
0.02126957955482275	0.7584501236603463
0.021088211046990928	0.7592745259686727
0.02098928276999175	0.7600989282769992
0.020873866446826046	0.7609233305853257
0.020791426215993402	0.761747732893652
0.020791426215993402	0.7625721352019785
0.02070898598516075	0.763396537510305
0.020659521846661165	0.7642209398186315
0.020263808738664464	0.765045342126958
0.020065952184666114	0.7658697444352844
0.01991755976916735	0.7666941467436109
0.019719703215169	0.7675185490519374
0.01963726298433635	0.7683429513602638
0.01945589447650453	0.7691673536685902
0.019406430338004946	0.7699917559769167
0.019323990107172298	0.7708161582852432
0.019258037922506178	0.7716405605935697
0.019208573784006592	0.7724649629018961
0.01899422918384171	0.7732893652102226
0.018928276999175594	0.7741137675185491
0.018730420445177243	0.7749381698268755
0.018631492168178068	0.7757625721352019
0.01858202802967848	0.7765869744435284
0.018450123660346242	0.7774113767518549
0.01803792250618301	0.7782357790601814
0.01800494641384995	0.7790601813685079
0.01784006595218466	0.7798845836768343
0.01757625721352019	0.7807089859851608
0.017444352844187952	0.7815333882934872
0.017230008244023078	0.7823577906018137
0.017180544105523488	0.7831821929101401
0.01670239076669414	0.7840065952184666
0.016636438582028023	0.7848309975267931
0.01650453421269579	0.7856553998351196
0.016438582028029673	0.786479802143446
0.016224237427864795	0.7873042044517725
0.016158285243198674	0.7881286067600989
0.016059356966199503	0.7889530090684254
0.01587798845836768	0.7897774113767518
0.01582852431986809	0.7906018136850783
0.015548227535037094	0.7914262159934048
0.015465787304204448	0.7922506183017313
0.015251442704039568	0.7930750206100577
0.01516900247320692	0.7938994229183842
0.015103050288540802	0.7947238252267106
0.015037098103874687	0.7955482275350371
0.014905193734542452	0.7963726298433635
0.014723825226710629	0.79719703215169
0.014245671887881279	0.7980214344600165
0.013948887056883755	0.798845836768343
0.013668590272052755	0.7996702390766695
0.013503709810387461	0.8004946413849959
0.013470733718054404	0.8013190436933223
0.013437757625721348	0.8021434460016488
0.01333882934872217	0.8029678483099753
0.01333882934872217	0.8037922506183017
0.013058532563891173	0.8046166529266282
0.013058532563891173	0.8054410552349547
0.012992580379225056	0.8062654575432812
0.012926628194558937	0.8070898598516076
0.01289365210222588	0.807914262159934
0.012712283594394058	0.8087386644682605
0.012679307502061	0.809563066776587
0.012596867271228353	0.8103874690849134
0.012547403132728764	0.8112118713932399
0.01244847485572959	0.8120362737015664
0.01241549876339653	0.8128606760098929
0.012333058532563885	0.8136850783182193
0.012267106347897768	0.8145094806265457
0.012135201978565532	0.8153338829348722
0.012069249793899416	0.8161582852431987
0.012036273701566355	0.8169826875515251
0.012019785655399826	0.8178070898598516
0.01195383347073371	0.8186314921681781
0.011887881286067594	0.8194558944765046
0.011706512778235771	0.8202802967848309
0.011690024732069244	0.8211046990931574
0.011442704039571306	0.8219291014014839
0.011426215993404775	0.8227535037098104
0.011343775762572127	0.8235779060181369
0.011310799670239069	0.8244023083264633
0.011145919208573775	0.8252267106347898
0.01107996702390766	0.8260511129431163
0.011063478977741131	0.8268755152514426
0.010997526793075012	0.8276999175597691
0.010964550700741952	0.8285243198680956
0.010931574608408896	0.8293487221764221
0.010783182192910133	0.8301731244847486
0.010651277823577901	0.830997526793075
0.010535861500412197	0.8318219291014015
0.01023907666941467	0.832646331409728
0.010173124484748552	0.8334707337180544
0.010024732069249788	0.8342951360263808
0.009991755976916731	0.8351195383347073
0.009991755976916731	0.8359439406430338
0.009826875515251438	0.8367683429513603
0.00976092333058532	0.8375927452596867
0.009645507007419616	0.8384171475680132
0.009530090684253912	0.8392415498763397
0.009497114591920854	0.8400659521846661
0.00938169826875515	0.8408903544929925
0.009249793899422912	0.841714756801319
0.009216817807089854	0.8425391591096455
0.009183841714756795	0.843363561417972
0.00910140148392415	0.8441879637262985
0.00910140148392415	0.8450123660346249
0.009002473206924974	0.8458367683429514
0.008854080791426211	0.8466611706512778
0.008788128606760095	0.8474855729596042
0.008771640560593564	0.8483099752679307
0.008705688375927447	0.8491343775762572
0.00867271228359439	0.8499587798845837
0.008590272052761742	0.8507831821929102
0.008557295960428684	0.8516075845012366
0.008458367683429509	0.8524319868095631
0.008408903544929921	0.8532563891178895
0.008359439406430332	0.854080791426216
0.008293487221764215	0.8549051937345424
0.008211046990931569	0.8557295960428689
0.008095630667765865	0.8565539983511954
0.008046166529266279	0.8573784006595219
0.00801319043693322	0.8582028029678483
0.007963726298433633	0.8590272052761748
0.007947238252267102	0.8598516075845012
0.007947238252267102	0.8606760098928277
0.007914262159934045	0.8615004122011541
0.007815333882934868	0.8623248145094806
0.007683429513602633	0.8631492168178071
0.007683429513602633	0.8639736191261336
0.007452596867271224	0.86479802143446
0.0074196207749381675	0.8656224237427865
0.007370156636438578	0.8664468260511129
0.007287716405605932	0.8672712283594394
0.007238252267106343	0.8680956306677658
0.007188788128606757	0.8689200329760923
0.007172300082440227	0.8697444352844188
0.007122835943940639	0.8705688375927453
0.007073371805441051	0.8713932399010718
0.0069579554822753464	0.8722176422093982
0.006908491343775759	0.8730420445177246
0.00689200329760923	0.8738664468260511
0.006859027205276172	0.8746908491343776
0.006859027205276172	0.875515251442704
0.006826051112943114	0.8763396537510305
0.006743610882110467	0.877164056059357
0.006694146743610878	0.8779884583676835
0.00666117065127782	0.8788128606760099
0.0066281945589447624	0.8796372629843363
0.006578730420445173	0.8804616652926628
0.006578730420445173	0.8812860676009893
0.0065127782357790555	0.8821104699093157
0.0064303380049464095	0.8829348722176422
0.00641384995877988	0.8837592745259687
0.006314921681780705	0.8845836768342952
0.006199505358615001	0.8854080791426217
0.006117065127782354	0.886232481450948
0.006051112943116236	0.8870568837592745
0.005952184666117062	0.887881286067601
0.005935696619950533	0.8887056883759274
0.005935696619950533	0.8895300906842539
0.005853256389117886	0.8903544929925804
0.005836768342951357	0.8911788953009069
0.005803792250618299	0.8920032976092334
0.005803792250618299	0.8928276999175597
0.005803792250618299	0.8936521022258862
0.005737840065952183	0.8944765045342127
0.005704863973619124	0.8953009068425392
0.005655399835119537	0.8961253091508656
0.0055894476504534185	0.8969497114591921
0.005441055234954655	0.8977741137675186
0.0054080791426215965	0.8985985160758451
0.005358615004122009	0.8994229183841714
0.005292662819455891	0.9002473206924979
0.005243198680956304	0.9010717230008244
0.005210222588623244	0.9018961253091509
0.0051442704039571276	0.9027205276174773
0.005078318219291012	0.9035449299258038
0.005045342126957953	0.9043693322341303
0.004962901896125307	0.9051937345424568
0.00488046166529266	0.9060181368507831
0.004830997526793073	0.9068425391591096
0.004765045342126956	0.9076669414674361
0.00468260511129431	0.9084913437757626
0.004649629018961252	0.909315746084089
0.004633140972794722	0.9101401483924155
0.004583676834295135	0.910964550700742
0.0045671887881286065	0.9117889530090684
0.0045671887881286065	0.9126133553173948
0.004501236603462489	0.9134377576257213
0.004435284418796371	0.9142621599340478
0.004418796372629841	0.9150865622423743
0.0043693322341302535	0.9159109645507008
0.00422093981863149	0.9167353668590272
0.004187963726298431	0.9175597691673537
0.004154987633965373	0.9183841714756801
0.004122011541632315	0.9192085737840066
0.004105523495465785	0.920032976092333
0.004039571310799668	0.9208573784006595
0.004039571310799668	0.921681780708986
0.0039406430338004925	0.9225061830173125
0.0038746908491343753	0.9233305853256389
0.003808738664468258	0.9241549876339654
0.0037098103874690824	0.9249793899422918
0.003660346248969495	0.9258037922506183
0.0035779060181368484	0.9266281945589447
0.003561417971970319	0.9274525968672712
0.0035119538334707316	0.9282769991755977
0.003495465787304203	0.9291014014839242
0.003462489694971145	0.9299258037922506
0.003462489694971145	0.9307502061005771
0.003462489694971145	0.9315746084089035
0.0034460016488046153	0.93239901071723
0.0034295136026380856	0.9332234130255564
0.0034295136026380856	0.9340478153338829
0.0033470733718054396	0.9348722176422094
0.0033305853256389104	0.9356966199505359
0.0033140972794723812	0.9365210222588624
0.0032811211871393224	0.9373454245671888
0.0032151690024732056	0.9381698268755152
0.0031327287716405596	0.9389942291838417
0.00311624072547403	0.9398186314921682
0.0030667765869744424	0.9406430338004946
0.003033800494641384	0.9414674361088211
0.0030173124484748543	0.9422918384171476
0.003000824402308325	0.9431162407254741
0.0029843363561417964	0.9439406430338005
0.0029678483099752667	0.9447650453421269
0.0029348722176422088	0.9455894476504534
0.0029018961253091504	0.9464138499587799
0.002885408079142621	0.9472382522671063
0.002885408079142621	0.9480626545754328
0.002885408079142621	0.9488870568837593
0.0028359439406430336	0.9497114591920858
0.002802967848309975	0.9505358615004122
0.0027205276174773283	0.9513602638087386
0.00268755152514427	0.9521846661170651
0.00268755152514427	0.9530090684253916
0.002671063478977741	0.953833470733718
0.0026380873866446823	0.9546578730420445
0.0026380873866446823	0.955482275350371
0.0025886232481450947	0.9563066776586975
0.00247320692497939	0.957131079967024
0.00247320692497939	0.9579554822753503
0.0024402308326463315	0.9587798845836768
0.002407254740313273	0.9596042868920033
0.0023742786479802143	0.9604286892003298
0.0022753503709810386	0.9612530915086562
0.0022423742786479802	0.9620774938169827
0.002225886232481451	0.9629018961253092
0.002077493816982688	0.9637262984336357
0.0020280296784830998	0.964550700741962
0.0020115416323165706	0.9653751030502885
0.0020115416323165706	0.966199505358615
0.0019620774938169825	0.9670239076669415
0.001912613355317395	0.9678483099752679
0.0018961253091508657	0.9686727122835944
0.0018631492168178071	0.9694971145919209
0.0018301731244847485	0.9703215169002474
0.0018136850783182193	0.9711459192085737
0.00179719703215169	0.9719703215169002
0.0017807089859851607	0.9727947238252267
0.0017477328936521023	0.9736191261335532
0.0016982687551525145	0.9744435284418796
0.0016323165704863972	0.9752679307502061
0.0016323165704863972	0.9760923330585326
0.001549876339653751	0.9769167353668591
0.0015004122011541632	0.9777411376751854
0.0014674361088211046	0.9785655399835119
0.0014179719703215168	0.9793899422918384
0.0014014839241549876	0.9802143446001649
0.0013849958779884584	0.9810387469084914
0.0013190436933223412	0.9818631492168178
0.001236603462489695	0.9826875515251443
0.0012036273701566365	0.9835119538334708
0.0012036273701566365	0.9843363561417972
0.0011871393239901071	0.9851607584501236
0.0011541632316570487	0.9859851607584501
0.0011211871393239901	0.9868095630667766
0.0011211871393239901	0.9876339653751031
0.0010882110469909315	0.9884583676834295
0.0010882110469909315	0.989282769991756
0.0010882110469909315	0.9901071723000825
0.001055234954657873	0.9909315746084089
0.001038746908491344	0.9917559769167353
0.001038746908491344	0.9925803792250618
0.0010057708161582853	0.9934047815333883
0.0009563066776586975	0.9942291838417148
0.0009398186314921682	0.9950535861500412
0.0008903544929925803	0.9958779884583677
0.0008573784006595218	0.9967023907666942
0.0008408903544929925	0.9975267930750206
0.0008244023083264633	0.998351195383347
0.0008244023083264633	0.9991755976916735
